0 0 0 0 1 0.939413 0.778801 0.569783 0.367879 
0 0 0 0 1.54883 1.45646 1.20662 0.881464 0.569783 
0 0 0 0 2.117 1.99457 1.65322 1.20725 0.778801 
0 0 0 0 2.55359 2.40979 1.99834 1.45896 0.939413 
1 1.54883 2.117 2.55359 2.71828 2.56791 2.12958 1.55444 1 
0.939413 1.45646 1.99457 2.40979 2.56791 2.41548 2.00068 1.45982 0.939413 
0.778801 1.20662 1.65322 1.99834 2.12958 2.00068 1.65603 1.20834 0.778801 
0.569783 0.881464 1.20725 1.45896 1.55444 1.45982 1.20834 0.882168 0.569783 
0.367879 0.569783 0.778801 0.939413 1 0.939413 0.778801 0.569783 0.367879 
