0 0.0396 0.0784 0.1164 0.1536 0.19 0.2256 0.2604 0.2944 0.3276 0.36 0.3916 0.4224 0.4524 0.4816 0.51 0.5376 0.5644 0.5904 0.6156 0.64 0.6636 0.6864 0.7084 0.7296 0.75 0.7696 0.7884 0.8064 0.8236 0.84 0.8556 0.8704 0.8844 0.8976 0.91 0.9216 0.9324 0.9424 0.9516 0.96 0.9676 0.9744 0.9804 0.9856 0.99 0.9936 0.9964 0.9984 0.9996 1 0.9996 0.9984 0.9964 0.9936 0.99 0.9856 0.9804 0.9744 0.9676 0.96 0.9516 0.9424 0.9324 0.9216 0.91 0.8976 0.8844 0.8704 0.8556 0.84 0.8236 0.8064 0.7884 0.7696 0.75 0.7296 0.7084 0.6864 0.6636 0.64 0.6156 0.5904 0.5644 0.5376 0.51 0.4816 0.4524 0.4224 0.3916 0.36 0.3276 0.2944 0.2604 0.2256 0.19 0.1536 0.1164 0.0784 0.0396 0 
0.0396 0.0750993 0.110598 0.14578 0.180496 0.214664 0.248232 0.281167 0.313443 0.345039 0.375941 0.406136 0.435611 0.464358 0.492367 0.519632 0.546144 0.571899 0.59689 0.621113 0.644564 0.667239 0.689136 0.710253 0.730588 0.75014 0.768909 0.786896 0.804101 0.820525 0.836171 0.851039 0.865131 0.878451 0.891001 0.902782 0.913797 0.924048 0.933537 0.942266 0.950235 0.957447 0.9639 0.969596 0.974535 0.978716 0.982138 0.984802 0.986705 0.987848 0.988229 0.987848 0.986705 0.984802 0.982138 0.978716 0.974535 0.969596 0.9639 0.957447 0.950235 0.942266 0.933537 0.924048 0.913797 0.902782 0.891001 0.878451 0.865131 0.851039 0.836171 0.820525 0.804101 0.786896 0.768909 0.75014 0.730588 0.710253 0.689136 0.667239 0.644564 0.621113 0.59689 0.571899 0.546144 0.519632 0.492367 0.464358 0.435611 0.406136 0.375941 0.345039 0.313443 0.281167 0.248232 0.214664 0.180496 0.14578 0.110598 0.0750993 0.0396 
0.0784 0.110598 0.143111 0.175621 0.207929 0.239908 0.271469 0.302551 0.333105 0.363096 0.392492 0.421268 0.449403 0.476878 0.503676 0.529784 0.555187 0.579874 0.603835 0.627062 0.649547 0.671283 0.692266 0.712492 0.731959 0.750664 0.768607 0.785789 0.80221 0.817874 0.832783 0.84694 0.860349 0.873014 0.884939 0.896127 0.906583 0.916311 0.925313 0.933593 0.941152 0.947992 0.954115 0.959521 0.964209 0.968179 0.97143 0.973961 0.975771 0.976857 0.977219 0.976857 0.975771 0.973961 0.97143 0.968179 0.964209 0.959521 0.954115 0.947992 0.941152 0.933593 0.925313 0.916311 0.906583 0.896127 0.884939 0.873014 0.860349 0.84694 0.832783 0.817874 0.80221 0.785789 0.768607 0.750664 0.731959 0.712492 0.692266 0.671283 0.649547 0.627062 0.603835 0.579874 0.555187 0.529784 0.503676 0.476878 0.449403 0.421268 0.392492 0.363096 0.333105 0.302551 0.271469 0.239908 0.207929 0.175621 0.143111 0.110598 0.0784 
0.1164 0.14578 0.175621 0.205652 0.235673 0.26554 0.295145 0.324405 0.353258 0.381651 0.409544 0.436899 0.463686 0.489878 0.515452 0.540388 0.564666 0.58827 0.611187 0.633405 0.654912 0.6757 0.695763 0.715094 0.733691 0.751552 0.768675 0.785061 0.800712 0.815631 0.829821 0.843287 0.856034 0.868066 0.87939 0.89001 0.899931 0.909158 0.917695 0.925546 0.932714 0.9392 0.945007 0.950134 0.954582 0.95835 0.961436 0.963839 0.965558 0.96659 0.966934 0.96659 0.965558 0.963839 0.961436 0.95835 0.954582 0.950134 0.945007 0.9392 0.932714 0.925546 0.917695 0.909158 0.899931 0.89001 0.87939 0.868066 0.856034 0.843287 0.829821 0.815631 0.800712 0.785061 0.768675 0.751552 0.733691 0.715094 0.695763 0.6757 0.654912 0.633405 0.611187 0.58827 0.564666 0.540388 0.515452 0.489878 0.463686 0.436899 0.409544 0.381651 0.353258 0.324405 0.295145 0.26554 0.235673 0.205652 0.175621 0.14578 0.1164 
0.1536 0.180496 0.207929 0.235673 0.263544 0.291395 0.319109 0.346594 0.373777 0.400594 0.426994 0.452933 0.478372 0.503278 0.527622 0.551377 0.574521 0.597034 0.618897 0.640097 0.66062 0.680455 0.699594 0.718031 0.735762 0.752783 0.769093 0.784695 0.799588 0.813778 0.827267 0.840062 0.852166 0.863588 0.874332 0.884405 0.893813 0.902561 0.910653 0.918095 0.924888 0.931036 0.93654 0.941401 0.945619 0.949192 0.95212 0.9544 0.956031 0.95701 0.957336 0.95701 0.956031 0.9544 0.95212 0.949192 0.945619 0.941401 0.93654 0.931036 0.924888 0.918095 0.910653 0.902561 0.893813 0.884405 0.874332 0.863588 0.852166 0.840062 0.827267 0.813778 0.799588 0.784695 0.769093 0.752783 0.735762 0.718031 0.699594 0.680455 0.66062 0.640097 0.618897 0.597034 0.574521 0.551377 0.527622 0.503278 0.478372 0.452933 0.426994 0.400594 0.373777 0.346594 0.319109 0.291395 0.263544 0.235673 0.207929 0.180496 0.1536 
0.19 0.214664 0.239908 0.26554 0.291395 0.31733 0.34323 0.368996 0.394548 0.419817 0.444745 0.46928 0.493379 0.517001 0.540114 0.562687 0.584693 0.60611 0.626916 0.647094 0.666631 0.685512 0.703729 0.721275 0.738144 0.754334 0.769842 0.78467 0.79882 0.812296 0.825102 0.837243 0.848726 0.859557 0.869742 0.879289 0.888204 0.896492 0.904158 0.911207 0.917642 0.923467 0.928681 0.933287 0.937284 0.940671 0.943446 0.945608 0.947154 0.948082 0.948392 0.948082 0.947154 0.945608 0.943446 0.940671 0.937284 0.933287 0.928681 0.923467 0.917642 0.911207 0.904158 0.896492 0.888204 0.879289 0.869742 0.859557 0.848726 0.837243 0.825102 0.812296 0.79882 0.78467 0.769842 0.754334 0.738144 0.721275 0.703729 0.685512 0.666631 0.647094 0.626916 0.60611 0.584693 0.562687 0.540114 0.517001 0.493379 0.46928 0.444745 0.419817 0.394548 0.368996 0.34323 0.31733 0.291395 0.26554 0.239908 0.214664 0.19 
0.2256 0.248232 0.271469 0.295145 0.319109 0.34323 0.367393 0.391501 0.415469 0.439225 0.462705 0.485855 0.508625 0.530972 0.55286 0.574254 0.595124 0.615445 0.635195 0.654354 0.672906 0.690837 0.708137 0.724797 0.740813 0.75618 0.770898 0.784966 0.798387 0.811165 0.823305 0.834811 0.84569 0.85595 0.865597 0.874637 0.883077 0.890923 0.898181 0.904854 0.910946 0.91646 0.921398 0.925759 0.929544 0.932752 0.935381 0.937429 0.938894 0.939774 0.940067 0.939774 0.938894 0.937429 0.935381 0.932752 0.929544 0.925759 0.921398 0.91646 0.910946 0.904854 0.898181 0.890923 0.883077 0.874637 0.865597 0.85595 0.84569 0.834811 0.823305 0.811165 0.798387 0.784966 0.770898 0.75618 0.740813 0.724797 0.708137 0.690837 0.672906 0.654354 0.635195 0.615445 0.595124 0.574254 0.55286 0.530972 0.508625 0.485855 0.462705 0.439225 0.415469 0.391501 0.367393 0.34323 0.319109 0.295145 0.271469 0.248232 0.2256 
0.2604 0.281167 0.302551 0.324405 0.346594 0.368996 0.391501 0.414012 0.436445 0.458727 0.48079 0.502577 0.524037 0.545122 0.565794 0.586017 0.605758 0.624989 0.643688 0.661832 0.679406 0.696393 0.712783 0.728568 0.74374 0.758297 0.772237 0.78556 0.798268 0.810365 0.821855 0.832745 0.843039 0.852746 0.861872 0.870424 0.878408 0.88583 0.892695 0.899007 0.904771 0.909987 0.914659 0.918786 0.922368 0.925404 0.927893 0.929831 0.931218 0.932051 0.932329 0.932051 0.931218 0.929831 0.927893 0.925404 0.922368 0.918786 0.914659 0.909987 0.904771 0.899007 0.892695 0.88583 0.878408 0.870424 0.861872 0.852746 0.843039 0.832745 0.821855 0.810365 0.798268 0.78556 0.772237 0.758297 0.74374 0.728568 0.712783 0.696393 0.679406 0.661832 0.643688 0.624989 0.605758 0.586017 0.565794 0.545122 0.524037 0.502577 0.48079 0.458727 0.436445 0.414012 0.391501 0.368996 0.346594 0.324405 0.302551 0.281167 0.2604 
0.2944 0.313443 0.333105 0.353258 0.373777 0.394548 0.415469 0.436445 0.457395 0.478242 0.498922 0.519373 0.539544 0.559385 0.578856 0.59792 0.616542 0.634693 0.652349 0.669488 0.686093 0.702146 0.717637 0.732557 0.7469 0.76066 0.773836 0.786429 0.79844 0.809873 0.820732 0.831022 0.84075 0.849923 0.858546 0.866627 0.874172 0.881185 0.887673 0.893639 0.899087 0.904019 0.908435 0.912338 0.915725 0.918597 0.92095 0.922784 0.924096 0.924884 0.925147 0.924884 0.924096 0.922784 0.92095 0.918597 0.915725 0.912338 0.908435 0.904019 0.899087 0.893639 0.887673 0.881185 0.874172 0.866627 0.858546 0.849923 0.84075 0.831022 0.820732 0.809873 0.79844 0.786429 0.773836 0.76066 0.7469 0.732557 0.717637 0.702146 0.686093 0.669488 0.652349 0.634693 0.616542 0.59792 0.578856 0.559385 0.539544 0.519373 0.498922 0.478242 0.457395 0.436445 0.415469 0.394548 0.373777 0.353258 0.333105 0.313443 0.2944 
0.3276 0.345039 0.363096 0.381651 0.400594 0.419817 0.439225 0.458727 0.478242 0.497699 0.517029 0.536175 0.555081 0.573699 0.591987 0.609907 0.627425 0.64451 0.661136 0.677283 0.69293 0.708063 0.722668 0.736738 0.750264 0.763242 0.775671 0.787551 0.798882 0.809668 0.819913 0.829622 0.838802 0.847458 0.855596 0.863223 0.870344 0.876965 0.88309 0.888724 0.893869 0.898527 0.902699 0.906386 0.909586 0.9123 0.914524 0.916257 0.917497 0.918242 0.91849 0.918242 0.917497 0.916257 0.914524 0.9123 0.909586 0.906386 0.902699 0.898527 0.893869 0.888724 0.88309 0.876965 0.870344 0.863223 0.855596 0.847458 0.838802 0.829622 0.819913 0.809668 0.798882 0.787551 0.775671 0.763242 0.750264 0.736738 0.722668 0.708063 0.69293 0.677283 0.661136 0.64451 0.627425 0.609907 0.591987 0.573699 0.555081 0.536175 0.517029 0.497699 0.478242 0.458727 0.439225 0.419817 0.400594 0.381651 0.363096 0.345039 0.3276 
0.36 0.375941 0.392492 0.409544 0.426994 0.444745 0.462705 0.48079 0.498922 0.517029 0.535048 0.552919 0.570588 0.588007 0.605134 0.62193 0.63836 0.654395 0.670007 0.685176 0.699883 0.71411 0.727845 0.74108 0.753807 0.766021 0.777719 0.788903 0.799571 0.809728 0.819378 0.828524 0.837172 0.845328 0.852998 0.860187 0.866901 0.873144 0.878921 0.884235 0.889089 0.893484 0.897422 0.900902 0.903923 0.906485 0.908585 0.910221 0.911392 0.912096 0.91233 0.912096 0.911392 0.910221 0.908585 0.906485 0.903923 0.900902 0.897422 0.893484 0.889089 0.884235 0.878921 0.873144 0.866901 0.860187 0.852998 0.845328 0.837172 0.828524 0.819378 0.809728 0.799571 0.788903 0.777719 0.766021 0.753807 0.74108 0.727845 0.71411 0.699883 0.685176 0.670007 0.654395 0.63836 0.62193 0.605134 0.588007 0.570588 0.552919 0.535048 0.517029 0.498922 0.48079 0.462705 0.444745 0.426994 0.409544 0.392492 0.375941 0.36 
0.3916 0.406136 0.421268 0.436899 0.452933 0.46928 0.485855 0.502577 0.519373 0.536175 0.552919 0.569548 0.58601 0.602256 0.618245 0.633938 0.649302 0.664306 0.678924 0.693134 0.706917 0.720256 0.733139 0.745557 0.757503 0.76897 0.779956 0.790462 0.800487 0.810033 0.819105 0.827706 0.83584 0.843514 0.850732 0.857499 0.86382 0.8697 0.875142 0.880149 0.884723 0.888866 0.892578 0.89586 0.898709 0.901125 0.903106 0.90465 0.905755 0.906419 0.90664 0.906419 0.905755 0.90465 0.903106 0.901125 0.898709 0.89586 0.892578 0.888866 0.884723 0.880149 0.875142 0.8697 0.86382 0.857499 0.850732 0.843514 0.83584 0.827706 0.819105 0.810033 0.800487 0.790462 0.779956 0.76897 0.757503 0.745557 0.733139 0.720256 0.706917 0.693134 0.678924 0.664306 0.649302 0.633938 0.618245 0.602256 0.58601 0.569548 0.552919 0.536175 0.519373 0.502577 0.485855 0.46928 0.452933 0.436899 0.421268 0.406136 0.3916 
0.4224 0.435611 0.449403 0.463686 0.478372 0.493379 0.508625 0.524037 0.539544 0.555081 0.570588 0.58601 0.601294 0.616396 0.631273 0.645889 0.660209 0.674204 0.687849 0.70112 0.713999 0.726471 0.738522 0.750143 0.761326 0.772066 0.78236 0.792207 0.801607 0.810561 0.819073 0.827147 0.834785 0.841993 0.848775 0.855136 0.861079 0.86661 0.871729 0.876441 0.880747 0.884648 0.888144 0.891235 0.893919 0.896195 0.898062 0.899517 0.900558 0.901184 0.901392 0.901184 0.900558 0.899517 0.898062 0.896195 0.893919 0.891235 0.888144 0.884648 0.880747 0.876441 0.871729 0.86661 0.861079 0.855136 0.848775 0.841993 0.834785 0.827147 0.819073 0.810561 0.801607 0.792207 0.78236 0.772066 0.761326 0.750143 0.738522 0.726471 0.713999 0.70112 0.687849 0.674204 0.660209 0.645889 0.631273 0.616396 0.601294 0.58601 0.570588 0.555081 0.539544 0.524037 0.508625 0.493379 0.478372 0.463686 0.449403 0.435611 0.4224 
0.4524 0.464358 0.476878 0.489878 0.503278 0.517001 0.530972 0.545122 0.559385 0.573699 0.588007 0.602256 0.616396 0.630383 0.644177 0.657741 0.671043 0.684053 0.696747 0.709103 0.721101 0.732727 0.743967 0.754812 0.765254 0.775287 0.784909 0.794117 0.802911 0.811292 0.819263 0.826827 0.833986 0.840745 0.847107 0.853077 0.858657 0.863851 0.868661 0.873089 0.877137 0.880806 0.884094 0.887002 0.889528 0.89167 0.893427 0.894797 0.895777 0.896366 0.896562 0.896366 0.895777 0.894797 0.893427 0.89167 0.889528 0.887002 0.884094 0.880806 0.877137 0.873089 0.868661 0.863851 0.858657 0.853077 0.847107 0.840745 0.833986 0.826827 0.819263 0.811292 0.802911 0.794117 0.784909 0.775287 0.765254 0.754812 0.743967 0.732727 0.721101 0.709103 0.696747 0.684053 0.671043 0.657741 0.644177 0.630383 0.616396 0.602256 0.588007 0.573699 0.559385 0.545122 0.530972 0.517001 0.503278 0.489878 0.476878 0.464358 0.4524 
0.4816 0.492367 0.503676 0.515452 0.527622 0.540114 0.55286 0.565794 0.578856 0.591987 0.605134 0.618245 0.631273 0.644177 0.656916 0.669457 0.681768 0.69382 0.705588 0.717052 0.728194 0.738997 0.749449 0.759541 0.769263 0.778611 0.787581 0.79617 0.804379 0.812206 0.819655 0.826726 0.833424 0.83975 0.845708 0.851301 0.856531 0.861402 0.865915 0.870071 0.873871 0.877316 0.880405 0.883138 0.885512 0.887526 0.889178 0.890465 0.891387 0.89194 0.892125 0.89194 0.891387 0.890465 0.889178 0.887526 0.885512 0.883138 0.880405 0.877316 0.873871 0.870071 0.865915 0.861402 0.856531 0.851301 0.845708 0.83975 0.833424 0.826726 0.819655 0.812206 0.804379 0.79617 0.787581 0.778611 0.769263 0.759541 0.749449 0.738997 0.728194 0.717052 0.705588 0.69382 0.681768 0.669457 0.656916 0.644177 0.631273 0.618245 0.605134 0.591987 0.578856 0.565794 0.55286 0.540114 0.527622 0.515452 0.503676 0.492367 0.4816 
0.51 0.519632 0.529784 0.540388 0.551377 0.562687 0.574254 0.586017 0.59792 0.609907 0.62193 0.633938 0.645889 0.657741 0.669457 0.681005 0.692352 0.703473 0.714343 0.724942 0.735252 0.745257 0.754945 0.764306 0.773332 0.782017 0.790356 0.798348 0.805991 0.813284 0.820229 0.826826 0.833079 0.838988 0.844557 0.849788 0.854683 0.859243 0.86347 0.867364 0.870927 0.874158 0.877056 0.87962 0.881848 0.883738 0.885289 0.886499 0.887364 0.887884 0.888057 0.887884 0.887364 0.886499 0.885289 0.883738 0.881848 0.87962 0.877056 0.874158 0.870927 0.867364 0.86347 0.859243 0.854683 0.849788 0.844557 0.838988 0.833079 0.826826 0.820229 0.813284 0.805991 0.798348 0.790356 0.782017 0.773332 0.764306 0.754945 0.745257 0.735252 0.724942 0.714343 0.703473 0.692352 0.681005 0.669457 0.657741 0.645889 0.633938 0.62193 0.609907 0.59792 0.586017 0.574254 0.562687 0.551377 0.540388 0.529784 0.519632 0.51 
0.5376 0.546144 0.555187 0.564666 0.574521 0.584693 0.595124 0.605758 0.616542 0.627425 0.63836 0.649302 0.660209 0.671043 0.681768 0.692352 0.702767 0.712986 0.722985 0.732746 0.74225 0.751483 0.760432 0.769087 0.77744 0.785485 0.793216 0.800631 0.807729 0.814507 0.820966 0.827108 0.832932 0.838441 0.843637 0.848519 0.853091 0.857353 0.861306 0.86495 0.868284 0.871309 0.874024 0.876426 0.878514 0.880287 0.881741 0.882875 0.883687 0.884174 0.884337 0.884174 0.883687 0.882875 0.881741 0.880287 0.878514 0.876426 0.874024 0.871309 0.868284 0.86495 0.861306 0.857353 0.853091 0.848519 0.843637 0.838441 0.832932 0.827108 0.820966 0.814507 0.807729 0.800631 0.793216 0.785485 0.77744 0.769087 0.760432 0.751483 0.74225 0.732746 0.722985 0.712986 0.702767 0.692352 0.681768 0.671043 0.660209 0.649302 0.63836 0.627425 0.616542 0.605758 0.595124 0.584693 0.574521 0.564666 0.555187 0.546144 0.5376 
0.5644 0.571899 0.579874 0.58827 0.597034 0.60611 0.615445 0.624989 0.634693 0.64451 0.654395 0.664306 0.674204 0.684053 0.69382 0.703473 0.712986 0.722332 0.731491 0.740442 0.749168 0.757656 0.765891 0.773865 0.781569 0.788997 0.796142 0.803002 0.809575 0.815857 0.821851 0.827554 0.832967 0.838091 0.842927 0.847476 0.851738 0.855714 0.859403 0.862807 0.865923 0.868751 0.871289 0.873537 0.875491 0.87715 0.878511 0.879573 0.880333 0.88079 0.880942 0.88079 0.880333 0.879573 0.878511 0.87715 0.875491 0.873537 0.871289 0.868751 0.865923 0.862807 0.859403 0.855714 0.851738 0.847476 0.842927 0.838091 0.832967 0.827554 0.821851 0.815857 0.809575 0.803002 0.796142 0.788997 0.781569 0.773865 0.765891 0.757656 0.749168 0.740442 0.731491 0.722332 0.712986 0.703473 0.69382 0.684053 0.674204 0.664306 0.654395 0.64451 0.634693 0.624989 0.615445 0.60611 0.597034 0.58827 0.579874 0.571899 0.5644 
0.5904 0.59689 0.603835 0.611187 0.618897 0.626916 0.635195 0.643688 0.652349 0.661136 0.670007 0.678924 0.687849 0.696747 0.705588 0.714343 0.722985 0.731491 0.739838 0.748008 0.755985 0.763754 0.771303 0.778622 0.785701 0.792535 0.799117 0.805444 0.811512 0.817319 0.822864 0.828146 0.833165 0.83792 0.842412 0.846641 0.850606 0.854307 0.857744 0.860917 0.863823 0.866462 0.868832 0.870931 0.872757 0.874307 0.875579 0.876572 0.877282 0.87771 0.877852 0.87771 0.877282 0.876572 0.875579 0.874307 0.872757 0.870931 0.868832 0.866462 0.863823 0.860917 0.857744 0.854307 0.850606 0.846641 0.842412 0.83792 0.833165 0.828146 0.822864 0.817319 0.811512 0.805444 0.799117 0.792535 0.785701 0.778622 0.771303 0.763754 0.755985 0.748008 0.739838 0.731491 0.722985 0.714343 0.705588 0.696747 0.687849 0.678924 0.670007 0.661136 0.652349 0.643688 0.635195 0.626916 0.618897 0.611187 0.603835 0.59689 0.5904 
0.6156 0.621113 0.627062 0.633405 0.640097 0.647094 0.654354 0.661832 0.669488 0.677283 0.685176 0.693134 0.70112 0.709103 0.717052 0.724942 0.732746 0.740442 0.748008 0.755428 0.762684 0.769763 0.776651 0.78334 0.78982 0.796084 0.802125 0.80794 0.813525 0.818876 0.823991 0.82887 0.833511 0.837912 0.842074 0.845995 0.849676 0.853114 0.85631 0.859261 0.861967 0.864425 0.866633 0.86859 0.870292 0.871738 0.872926 0.873852 0.874515 0.874914 0.875047 0.874914 0.874515 0.873852 0.872926 0.871738 0.870292 0.86859 0.866633 0.864425 0.861967 0.859261 0.85631 0.853114 0.849676 0.845995 0.842074 0.837912 0.833511 0.82887 0.823991 0.818876 0.813525 0.80794 0.802125 0.796084 0.78982 0.78334 0.776651 0.769763 0.762684 0.755428 0.748008 0.740442 0.732746 0.724942 0.717052 0.709103 0.70112 0.693134 0.685176 0.677283 0.669488 0.661832 0.654354 0.647094 0.640097 0.633405 0.627062 0.621113 0.6156 
0.64 0.644564 0.649547 0.654912 0.66062 0.666631 0.672906 0.679406 0.686093 0.69293 0.699883 0.706917 0.713999 0.721101 0.728194 0.735252 0.74225 0.749168 0.755985 0.762684 0.769248 0.775665 0.781921 0.788006 0.793911 0.799629 0.805152 0.810477 0.815598 0.820512 0.825217 0.829709 0.833988 0.83805 0.841896 0.845524 0.848932 0.852119 0.855083 0.857823 0.860336 0.86262 0.864674 0.866495 0.86808 0.869426 0.870532 0.871395 0.872012 0.872384 0.872508 0.872384 0.872012 0.871395 0.870532 0.869426 0.86808 0.866495 0.864674 0.86262 0.860336 0.857823 0.855083 0.852119 0.848932 0.845524 0.841896 0.83805 0.833988 0.829709 0.825217 0.820512 0.815598 0.810477 0.805152 0.799629 0.793911 0.788006 0.781921 0.775665 0.769248 0.762684 0.755985 0.749168 0.74225 0.735252 0.728194 0.721101 0.713999 0.706917 0.699883 0.69293 0.686093 0.679406 0.672906 0.666631 0.66062 0.654912 0.649547 0.644564 0.64 
0.6636 0.667239 0.671283 0.6757 0.680455 0.685512 0.690837 0.696393 0.702146 0.708063 0.71411 0.720256 0.726471 0.732727 0.738997 0.745257 0.751483 0.757656 0.763754 0.769763 0.775665 0.781447 0.787097 0.792604 0.79796 0.803155 0.808184 0.81304 0.817718 0.822214 0.826526 0.830649 0.834581 0.83832 0.841864 0.845211 0.848358 0.851305 0.854047 0.856585 0.858914 0.861033 0.862938 0.864629 0.866101 0.867352 0.868379 0.869181 0.869756 0.870101 0.870217 0.870101 0.869756 0.869181 0.868379 0.867352 0.866101 0.864629 0.862938 0.861033 0.858914 0.856585 0.854047 0.851305 0.848358 0.845211 0.841864 0.83832 0.834581 0.830649 0.826526 0.822214 0.817718 0.81304 0.808184 0.803155 0.79796 0.792604 0.787097 0.781447 0.775665 0.769763 0.763754 0.757656 0.751483 0.745257 0.738997 0.732727 0.726471 0.720256 0.71411 0.708063 0.702146 0.696393 0.690837 0.685512 0.680455 0.6757 0.671283 0.667239 0.6636 
0.6864 0.689136 0.692266 0.695763 0.699594 0.703729 0.708137 0.712783 0.717637 0.722668 0.727845 0.733139 0.738522 0.743967 0.749449 0.754945 0.760432 0.765891 0.771303 0.776651 0.781921 0.787097 0.792169 0.797124 0.801955 0.806651 0.811207 0.815615 0.819871 0.823969 0.827905 0.831675 0.835277 0.838707 0.841963 0.845041 0.84794 0.850656 0.853187 0.855531 0.857684 0.859644 0.861409 0.862974 0.864339 0.865498 0.866451 0.867195 0.867728 0.868049 0.868156 0.868049 0.867728 0.867195 0.866451 0.865498 0.864339 0.862974 0.861409 0.859644 0.857684 0.855531 0.853187 0.850656 0.84794 0.845041 0.841963 0.838707 0.835277 0.831675 0.827905 0.823969 0.819871 0.815615 0.811207 0.806651 0.801955 0.797124 0.792169 0.787097 0.781921 0.776651 0.771303 0.765891 0.760432 0.754945 0.749449 0.743967 0.738522 0.733139 0.727845 0.722668 0.717637 0.712783 0.708137 0.703729 0.699594 0.695763 0.692266 0.689136 0.6864 
0.7084 0.710253 0.712492 0.715094 0.718031 0.721275 0.724797 0.728568 0.732557 0.736738 0.74108 0.745557 0.750143 0.754812 0.759541 0.764306 0.769087 0.773865 0.778622 0.78334 0.788006 0.792604 0.797124 0.801554 0.805884 0.810106 0.814211 0.818192 0.822045 0.825763 0.829341 0.832775 0.836062 0.839197 0.842177 0.845 0.847661 0.850157 0.852487 0.854646 0.856631 0.85844 0.860069 0.861516 0.862777 0.86385 0.864731 0.86542 0.865913 0.86621 0.866309 0.86621 0.865913 0.86542 0.864731 0.86385 0.862777 0.861516 0.860069 0.85844 0.856631 0.854646 0.852487 0.850157 0.847661 0.845 0.842177 0.839197 0.836062 0.832775 0.829341 0.825763 0.822045 0.818192 0.814211 0.810106 0.805884 0.801554 0.797124 0.792604 0.788006 0.78334 0.778622 0.773865 0.769087 0.764306 0.759541 0.754812 0.750143 0.745557 0.74108 0.736738 0.732557 0.728568 0.724797 0.721275 0.718031 0.715094 0.712492 0.710253 0.7084 
0.7296 0.730588 0.731959 0.733691 0.735762 0.738144 0.740813 0.74374 0.7469 0.750264 0.753807 0.757503 0.761326 0.765254 0.769263 0.773332 0.77744 0.781569 0.785701 0.78982 0.793911 0.79796 0.801955 0.805884 0.809738 0.813507 0.817183 0.820759 0.824228 0.827584 0.830822 0.833936 0.836923 0.839777 0.842495 0.845073 0.847508 0.849795 0.851932 0.853915 0.85574 0.857404 0.858905 0.860238 0.8614 0.86239 0.863203 0.863839 0.864295 0.864569 0.86466 0.864569 0.864295 0.863839 0.863203 0.86239 0.8614 0.860238 0.858905 0.857404 0.85574 0.853915 0.851932 0.849795 0.847508 0.845073 0.842495 0.839777 0.836923 0.833936 0.830822 0.827584 0.824228 0.820759 0.817183 0.813507 0.809738 0.805884 0.801955 0.79796 0.793911 0.78982 0.785701 0.781569 0.77744 0.773332 0.769263 0.765254 0.761326 0.757503 0.753807 0.750264 0.7469 0.74374 0.740813 0.738144 0.735762 0.733691 0.731959 0.730588 0.7296 
0.75 0.75014 0.750664 0.751552 0.752783 0.754334 0.75618 0.758297 0.76066 0.763242 0.766021 0.76897 0.772066 0.775287 0.778611 0.782017 0.785485 0.788997 0.792535 0.796084 0.799629 0.803155 0.806651 0.810106 0.813507 0.816847 0.820116 0.823306 0.826411 0.829423 0.832337 0.835147 0.837847 0.840434 0.842903 0.845249 0.847468 0.849556 0.851509 0.853324 0.854996 0.856523 0.8579 0.859125 0.860194 0.861104 0.861853 0.862438 0.862857 0.86311 0.863194 0.86311 0.862857 0.862438 0.861853 0.861104 0.860194 0.859125 0.8579 0.856523 0.854996 0.853324 0.851509 0.849556 0.847468 0.845249 0.842903 0.840434 0.837847 0.835147 0.832337 0.829423 0.826411 0.823306 0.820116 0.816847 0.813507 0.810106 0.806651 0.803155 0.799629 0.796084 0.792535 0.788997 0.785485 0.782017 0.778611 0.775287 0.772066 0.76897 0.766021 0.763242 0.76066 0.758297 0.75618 0.754334 0.752783 0.751552 0.750664 0.75014 0.75 
0.7696 0.768909 0.768607 0.768675 0.769093 0.769842 0.770898 0.772237 0.773836 0.775671 0.777719 0.779956 0.78236 0.784909 0.787581 0.790356 0.793216 0.796142 0.799117 0.802125 0.805152 0.808184 0.811207 0.814211 0.817183 0.820116 0.822998 0.825823 0.828582 0.831268 0.833874 0.836395 0.838825 0.841158 0.843389 0.845514 0.847528 0.849426 0.851205 0.85286 0.854387 0.855782 0.857043 0.858164 0.859144 0.859978 0.860665 0.861202 0.861587 0.861819 0.861896 0.861819 0.861587 0.861202 0.860665 0.859978 0.859144 0.858164 0.857043 0.855782 0.854387 0.85286 0.851205 0.849426 0.847528 0.845514 0.843389 0.841158 0.838825 0.836395 0.833874 0.831268 0.828582 0.825823 0.822998 0.820116 0.817183 0.814211 0.811207 0.808184 0.805152 0.802125 0.799117 0.796142 0.793216 0.790356 0.787581 0.784909 0.78236 0.779956 0.777719 0.775671 0.773836 0.772237 0.770898 0.769842 0.769093 0.768675 0.768607 0.768909 0.7696 
0.7884 0.786896 0.785789 0.785061 0.784695 0.78467 0.784966 0.78556 0.786429 0.787551 0.788903 0.790462 0.792207 0.794117 0.79617 0.798348 0.800631 0.803002 0.805444 0.80794 0.810477 0.81304 0.815615 0.818192 0.820759 0.823306 0.825823 0.828301 0.830732 0.833109 0.835424 0.837671 0.839843 0.841935 0.843941 0.845857 0.847676 0.849394 0.851006 0.852509 0.853898 0.855169 0.856318 0.857341 0.858236 0.858999 0.859627 0.860118 0.86047 0.860682 0.860753 0.860682 0.86047 0.860118 0.859627 0.858999 0.858236 0.857341 0.856318 0.855169 0.853898 0.852509 0.851006 0.849394 0.847676 0.845857 0.843941 0.841935 0.839843 0.837671 0.835424 0.833109 0.830732 0.828301 0.825823 0.823306 0.820759 0.818192 0.815615 0.81304 0.810477 0.80794 0.805444 0.803002 0.800631 0.798348 0.79617 0.794117 0.792207 0.790462 0.788903 0.787551 0.786429 0.78556 0.784966 0.78467 0.784695 0.785061 0.785789 0.786896 0.7884 
0.8064 0.804101 0.80221 0.800712 0.799588 0.79882 0.798387 0.798268 0.79844 0.798882 0.799571 0.800487 0.801607 0.802911 0.804379 0.805991 0.807729 0.809575 0.811512 0.813525 0.815598 0.817718 0.819871 0.822045 0.824228 0.826411 0.828582 0.830732 0.832854 0.834938 0.836977 0.838964 0.840893 0.842757 0.844549 0.846266 0.8479 0.849447 0.850902 0.852261 0.853519 0.854671 0.855714 0.856644 0.857458 0.858153 0.858725 0.859173 0.859494 0.859687 0.859752 0.859687 0.859494 0.859173 0.858725 0.858153 0.857458 0.856644 0.855714 0.854671 0.853519 0.852261 0.850902 0.849447 0.8479 0.846266 0.844549 0.842757 0.840893 0.838964 0.836977 0.834938 0.832854 0.830732 0.828582 0.826411 0.824228 0.822045 0.819871 0.817718 0.815598 0.813525 0.811512 0.809575 0.807729 0.805991 0.804379 0.802911 0.801607 0.800487 0.799571 0.798882 0.79844 0.798268 0.798387 0.79882 0.799588 0.800712 0.80221 0.804101 0.8064 
0.8236 0.820525 0.817874 0.815631 0.813778 0.812296 0.811165 0.810365 0.809873 0.809668 0.809728 0.810033 0.810561 0.811292 0.812206 0.813284 0.814507 0.815857 0.817319 0.818876 0.820512 0.822214 0.823969 0.825763 0.827584 0.829423 0.831268 0.833109 0.834938 0.836746 0.838524 0.840266 0.841964 0.843612 0.845203 0.846731 0.84819 0.849575 0.850881 0.852103 0.853236 0.854276 0.855219 0.856061 0.856798 0.857428 0.857947 0.858353 0.858645 0.858821 0.858879 0.858821 0.858645 0.858353 0.857947 0.857428 0.856798 0.856061 0.855219 0.854276 0.853236 0.852103 0.850881 0.849575 0.84819 0.846731 0.845203 0.843612 0.841964 0.840266 0.838524 0.836746 0.834938 0.833109 0.831268 0.829423 0.827584 0.825763 0.823969 0.822214 0.820512 0.818876 0.817319 0.815857 0.814507 0.813284 0.812206 0.811292 0.810561 0.810033 0.809728 0.809668 0.809873 0.810365 0.811165 0.812296 0.813778 0.815631 0.817874 0.820525 0.8236 
0.84 0.836171 0.832783 0.829821 0.827267 0.825102 0.823305 0.821855 0.820732 0.819913 0.819378 0.819105 0.819073 0.819263 0.819655 0.820229 0.820966 0.821851 0.822864 0.823991 0.825217 0.826526 0.827905 0.829341 0.830822 0.832337 0.833874 0.835424 0.836977 0.838524 0.840057 0.841567 0.843048 0.844492 0.845891 0.847241 0.848535 0.849767 0.850932 0.852024 0.85304 0.853973 0.854821 0.855579 0.856244 0.856812 0.857281 0.857648 0.857912 0.858071 0.858124 0.858071 0.857912 0.857648 0.857281 0.856812 0.856244 0.855579 0.854821 0.853973 0.85304 0.852024 0.850932 0.849767 0.848535 0.847241 0.845891 0.844492 0.843048 0.841567 0.840057 0.838524 0.836977 0.835424 0.833874 0.832337 0.830822 0.829341 0.827905 0.826526 0.825217 0.823991 0.822864 0.821851 0.820966 0.820229 0.819655 0.819263 0.819073 0.819105 0.819378 0.819913 0.820732 0.821855 0.823305 0.825102 0.827267 0.829821 0.832783 0.836171 0.84 
0.8556 0.851039 0.84694 0.843287 0.840062 0.837243 0.834811 0.832745 0.831022 0.829622 0.828524 0.827706 0.827147 0.826827 0.826726 0.826826 0.827108 0.827554 0.828146 0.82887 0.829709 0.830649 0.831675 0.832775 0.833936 0.835147 0.836395 0.837671 0.838964 0.840266 0.841567 0.84286 0.844135 0.845386 0.846606 0.847788 0.848926 0.850013 0.851044 0.852015 0.852919 0.853752 0.85451 0.855188 0.855785 0.856295 0.856716 0.857047 0.857284 0.857427 0.857475 0.857427 0.857284 0.857047 0.856716 0.856295 0.855785 0.855188 0.85451 0.853752 0.852919 0.852015 0.851044 0.850013 0.848926 0.847788 0.846606 0.845386 0.844135 0.84286 0.841567 0.840266 0.838964 0.837671 0.836395 0.835147 0.833936 0.832775 0.831675 0.830649 0.829709 0.82887 0.828146 0.827554 0.827108 0.826826 0.826726 0.826827 0.827147 0.827706 0.828524 0.829622 0.831022 0.832745 0.834811 0.837243 0.840062 0.843287 0.84694 0.851039 0.8556 
0.8704 0.865131 0.860349 0.856034 0.852166 0.848726 0.84569 0.843039 0.84075 0.838802 0.837172 0.83584 0.834785 0.833986 0.833424 0.833079 0.832932 0.832967 0.833165 0.833511 0.833988 0.834581 0.835277 0.836062 0.836923 0.837847 0.838825 0.839843 0.840893 0.841964 0.843048 0.844135 0.845218 0.846288 0.847338 0.848362 0.849353 0.850304 0.851209 0.852064 0.852863 0.853602 0.854275 0.854879 0.85541 0.855866 0.856242 0.856538 0.85675 0.856878 0.856921 0.856878 0.85675 0.856538 0.856242 0.855866 0.85541 0.854879 0.854275 0.853602 0.852863 0.852064 0.851209 0.850304 0.849353 0.848362 0.847338 0.846288 0.845218 0.844135 0.843048 0.841964 0.840893 0.839843 0.838825 0.837847 0.836923 0.836062 0.835277 0.834581 0.833988 0.833511 0.833165 0.832967 0.832932 0.833079 0.833424 0.833986 0.834785 0.83584 0.837172 0.838802 0.84075 0.843039 0.84569 0.848726 0.852166 0.856034 0.860349 0.865131 0.8704 
0.8844 0.878451 0.873014 0.868066 0.863588 0.859557 0.85595 0.852746 0.849923 0.847458 0.845328 0.843514 0.841993 0.840745 0.83975 0.838988 0.838441 0.838091 0.83792 0.837912 0.83805 0.83832 0.838707 0.839197 0.839777 0.840434 0.841158 0.841935 0.842757 0.843612 0.844492 0.845386 0.846288 0.847188 0.848079 0.848955 0.849807 0.85063 0.851417 0.852164 0.852864 0.853513 0.854106 0.85464 0.855111 0.855515 0.855849 0.856112 0.856301 0.856415 0.856453 0.856415 0.856301 0.856112 0.855849 0.855515 0.855111 0.85464 0.854106 0.853513 0.852864 0.852164 0.851417 0.85063 0.849807 0.848955 0.848079 0.847188 0.846288 0.845386 0.844492 0.843612 0.842757 0.841935 0.841158 0.840434 0.839777 0.839197 0.838707 0.83832 0.83805 0.837912 0.83792 0.838091 0.838441 0.838988 0.83975 0.840745 0.841993 0.843514 0.845328 0.847458 0.849923 0.852746 0.85595 0.859557 0.863588 0.868066 0.873014 0.878451 0.8844 
0.8976 0.891001 0.884939 0.87939 0.874332 0.869742 0.865597 0.861872 0.858546 0.855596 0.852998 0.850732 0.848775 0.847107 0.845708 0.844557 0.843637 0.842927 0.842412 0.842074 0.841896 0.841864 0.841963 0.842177 0.842495 0.842903 0.843389 0.843941 0.844549 0.845203 0.845891 0.846606 0.847338 0.848079 0.848822 0.849557 0.85028 0.850983 0.851659 0.852304 0.852912 0.853477 0.853996 0.854464 0.854877 0.855233 0.855528 0.855759 0.855926 0.856027 0.856061 0.856027 0.855926 0.855759 0.855528 0.855233 0.854877 0.854464 0.853996 0.853477 0.852912 0.852304 0.851659 0.850983 0.85028 0.849557 0.848822 0.848079 0.847338 0.846606 0.845891 0.845203 0.844549 0.843941 0.843389 0.842903 0.842495 0.842177 0.841963 0.841864 0.841896 0.842074 0.842412 0.842927 0.843637 0.844557 0.845708 0.847107 0.848775 0.850732 0.852998 0.855596 0.858546 0.861872 0.865597 0.869742 0.874332 0.87939 0.884939 0.891001 0.8976 
0.91 0.902782 0.896127 0.89001 0.884405 0.879289 0.874637 0.870424 0.866627 0.863223 0.860187 0.857499 0.855136 0.853077 0.851301 0.849788 0.848519 0.847476 0.846641 0.845995 0.845524 0.845211 0.845041 0.845 0.845073 0.845249 0.845514 0.845857 0.846266 0.846731 0.847241 0.847788 0.848362 0.848955 0.849557 0.850163 0.850765 0.851355 0.851928 0.852478 0.852999 0.853486 0.853935 0.854341 0.854701 0.855011 0.855269 0.855472 0.855618 0.855707 0.855736 0.855707 0.855618 0.855472 0.855269 0.855011 0.854701 0.854341 0.853935 0.853486 0.852999 0.852478 0.851928 0.851355 0.850765 0.850163 0.849557 0.848955 0.848362 0.847788 0.847241 0.846731 0.846266 0.845857 0.845514 0.845249 0.845073 0.845 0.845041 0.845211 0.845524 0.845995 0.846641 0.847476 0.848519 0.849788 0.851301 0.853077 0.855136 0.857499 0.860187 0.863223 0.866627 0.870424 0.874637 0.879289 0.884405 0.89001 0.896127 0.902782 0.91 
0.9216 0.913797 0.906583 0.899931 0.893813 0.888204 0.883077 0.878408 0.874172 0.870344 0.866901 0.86382 0.861079 0.858657 0.856531 0.854683 0.853091 0.851738 0.850606 0.849676 0.848932 0.848358 0.84794 0.847661 0.847508 0.847468 0.847528 0.847676 0.8479 0.84819 0.848535 0.848926 0.849353 0.849807 0.85028 0.850765 0.851253 0.851739 0.852216 0.852677 0.853117 0.853531 0.853915 0.854263 0.854573 0.854841 0.855065 0.855241 0.855368 0.855445 0.855471 0.855445 0.855368 0.855241 0.855065 0.854841 0.854573 0.854263 0.853915 0.853531 0.853117 0.852677 0.852216 0.851739 0.851253 0.850765 0.85028 0.849807 0.849353 0.848926 0.848535 0.84819 0.8479 0.847676 0.847528 0.847468 0.847508 0.847661 0.84794 0.848358 0.848932 0.849676 0.850606 0.851738 0.853091 0.854683 0.856531 0.858657 0.861079 0.86382 0.866901 0.870344 0.874172 0.878408 0.883077 0.888204 0.893813 0.899931 0.906583 0.913797 0.9216 
0.9324 0.924048 0.916311 0.909158 0.902561 0.896492 0.890923 0.88583 0.881185 0.876965 0.873144 0.8697 0.86661 0.863851 0.861402 0.859243 0.857353 0.855714 0.854307 0.853114 0.852119 0.851305 0.850656 0.850157 0.849795 0.849556 0.849426 0.849394 0.849447 0.849575 0.849767 0.850013 0.850304 0.85063 0.850983 0.851355 0.851739 0.852128 0.852515 0.852893 0.853259 0.853605 0.853928 0.854223 0.854487 0.854716 0.854907 0.855059 0.855168 0.855234 0.855256 0.855234 0.855168 0.855059 0.854907 0.854716 0.854487 0.854223 0.853928 0.853605 0.853259 0.852893 0.852515 0.852128 0.851739 0.851355 0.850983 0.85063 0.850304 0.850013 0.849767 0.849575 0.849447 0.849394 0.849426 0.849556 0.849795 0.850157 0.850656 0.851305 0.852119 0.853114 0.854307 0.855714 0.857353 0.859243 0.861402 0.863851 0.86661 0.8697 0.873144 0.876965 0.881185 0.88583 0.890923 0.896492 0.902561 0.909158 0.916311 0.924048 0.9324 
0.9424 0.933537 0.925313 0.917695 0.910653 0.904158 0.898181 0.892695 0.887673 0.88309 0.878921 0.875142 0.871729 0.868661 0.865915 0.86347 0.861306 0.859403 0.857744 0.85631 0.855083 0.854047 0.853187 0.852487 0.851932 0.851509 0.851205 0.851006 0.850902 0.850881 0.850932 0.851044 0.851209 0.851417 0.851659 0.851928 0.852216 0.852515 0.852819 0.853122 0.853418 0.853702 0.853969 0.854215 0.854436 0.854628 0.85479 0.854918 0.855011 0.855067 0.855086 0.855067 0.855011 0.854918 0.85479 0.854628 0.854436 0.854215 0.853969 0.853702 0.853418 0.853122 0.852819 0.852515 0.852216 0.851928 0.851659 0.851417 0.851209 0.851044 0.850932 0.850881 0.850902 0.851006 0.851205 0.851509 0.851932 0.852487 0.853187 0.854047 0.855083 0.85631 0.857744 0.859403 0.861306 0.86347 0.865915 0.868661 0.871729 0.875142 0.878921 0.88309 0.887673 0.892695 0.898181 0.904158 0.910653 0.917695 0.925313 0.933537 0.9424 
0.9516 0.942266 0.933593 0.925546 0.918095 0.911207 0.904854 0.899007 0.893639 0.888724 0.884235 0.880149 0.876441 0.873089 0.870071 0.867364 0.86495 0.862807 0.860917 0.859261 0.857823 0.856585 0.855531 0.854646 0.853915 0.853324 0.85286 0.852509 0.852261 0.852103 0.852024 0.852015 0.852064 0.852164 0.852304 0.852478 0.852677 0.852893 0.853122 0.853355 0.853587 0.853814 0.85403 0.85423 0.854412 0.854572 0.854706 0.854813 0.854891 0.854938 0.854954 0.854938 0.854891 0.854813 0.854706 0.854572 0.854412 0.85423 0.85403 0.853814 0.853587 0.853355 0.853122 0.852893 0.852677 0.852478 0.852304 0.852164 0.852064 0.852015 0.852024 0.852103 0.852261 0.852509 0.85286 0.853324 0.853915 0.854646 0.855531 0.856585 0.857823 0.859261 0.860917 0.862807 0.86495 0.867364 0.870071 0.873089 0.876441 0.880149 0.884235 0.888724 0.893639 0.899007 0.904854 0.911207 0.918095 0.925546 0.933593 0.942266 0.9516 
0.96 0.950235 0.941152 0.932714 0.924888 0.917642 0.910946 0.904771 0.899087 0.893869 0.889089 0.884723 0.880747 0.877137 0.873871 0.870927 0.868284 0.865923 0.863823 0.861967 0.860336 0.858914 0.857684 0.856631 0.85574 0.854996 0.854387 0.853898 0.853519 0.853236 0.85304 0.852919 0.852863 0.852864 0.852912 0.852999 0.853117 0.853259 0.853418 0.853587 0.853762 0.853936 0.854105 0.854264 0.854411 0.85454 0.85465 0.854737 0.854801 0.85484 0.854853 0.85484 0.854801 0.854737 0.85465 0.85454 0.854411 0.854264 0.854105 0.853936 0.853762 0.853587 0.853418 0.853259 0.853117 0.852999 0.852912 0.852864 0.852863 0.852919 0.85304 0.853236 0.853519 0.853898 0.854387 0.854996 0.85574 0.856631 0.857684 0.858914 0.860336 0.861967 0.863823 0.865923 0.868284 0.870927 0.873871 0.877137 0.880747 0.884723 0.889089 0.893869 0.899087 0.904771 0.910946 0.917642 0.924888 0.932714 0.941152 0.950235 0.96 
0.9676 0.957447 0.947992 0.9392 0.931036 0.923467 0.91646 0.909987 0.904019 0.898527 0.893484 0.888866 0.884648 0.880806 0.877316 0.874158 0.871309 0.868751 0.866462 0.864425 0.86262 0.861033 0.859644 0.85844 0.857404 0.856523 0.855782 0.855169 0.854671 0.854276 0.853973 0.853752 0.853602 0.853513 0.853477 0.853486 0.853531 0.853605 0.853702 0.853814 0.853936 0.854063 0.85419 0.854312 0.854426 0.854528 0.854615 0.854685 0.854737 0.854768 0.854779 0.854768 0.854737 0.854685 0.854615 0.854528 0.854426 0.854312 0.85419 0.854063 0.853936 0.853814 0.853702 0.853605 0.853531 0.853486 0.853477 0.853513 0.853602 0.853752 0.853973 0.854276 0.854671 0.855169 0.855782 0.856523 0.857404 0.85844 0.859644 0.861033 0.86262 0.864425 0.866462 0.868751 0.871309 0.874158 0.877316 0.880806 0.884648 0.888866 0.893484 0.898527 0.904019 0.909987 0.91646 0.923467 0.931036 0.9392 0.947992 0.957447 0.9676 
0.9744 0.9639 0.954115 0.945007 0.93654 0.928681 0.921398 0.914659 0.908435 0.902699 0.897422 0.892578 0.888144 0.884094 0.880405 0.877056 0.874024 0.871289 0.868832 0.866633 0.864674 0.862938 0.861409 0.860069 0.858905 0.8579 0.857043 0.856318 0.855714 0.855219 0.854821 0.85451 0.854275 0.854106 0.853996 0.853935 0.853915 0.853928 0.853969 0.85403 0.854105 0.85419 0.854279 0.854367 0.854452 0.85453 0.854597 0.854652 0.854692 0.854717 0.854726 0.854717 0.854692 0.854652 0.854597 0.85453 0.854452 0.854367 0.854279 0.85419 0.854105 0.85403 0.853969 0.853928 0.853915 0.853935 0.853996 0.854106 0.854275 0.85451 0.854821 0.855219 0.855714 0.856318 0.857043 0.8579 0.858905 0.860069 0.861409 0.862938 0.864674 0.866633 0.868832 0.871289 0.874024 0.877056 0.880405 0.884094 0.888144 0.892578 0.897422 0.902699 0.908435 0.914659 0.921398 0.928681 0.93654 0.945007 0.954115 0.9639 0.9744 
0.9804 0.969596 0.959521 0.950134 0.941401 0.933287 0.925759 0.918786 0.912338 0.906386 0.900902 0.89586 0.891235 0.887002 0.883138 0.87962 0.876426 0.873537 0.870931 0.86859 0.866495 0.864629 0.862974 0.861516 0.860238 0.859125 0.858164 0.857341 0.856644 0.856061 0.855579 0.855188 0.854879 0.85464 0.854464 0.854341 0.854263 0.854223 0.854215 0.85423 0.854264 0.854312 0.854367 0.854427 0.854486 0.854542 0.854592 0.854633 0.854664 0.854683 0.854689 0.854683 0.854664 0.854633 0.854592 0.854542 0.854486 0.854427 0.854367 0.854312 0.854264 0.85423 0.854215 0.854223 0.854263 0.854341 0.854464 0.85464 0.854879 0.855188 0.855579 0.856061 0.856644 0.857341 0.858164 0.859125 0.860238 0.861516 0.862974 0.864629 0.866495 0.86859 0.870931 0.873537 0.876426 0.87962 0.883138 0.887002 0.891235 0.89586 0.900902 0.906386 0.912338 0.918786 0.925759 0.933287 0.941401 0.950134 0.959521 0.969596 0.9804 
