0 0.0396 0.0784 0.1164 0.1536 0.19 0.2256 0.2604 0.2944 0.3276 0.36 0.3916 0.4224 0.4524 0.4816 0.51 0.5376 0.5644 0.5904 0.6156 0.64 0.6636 0.6864 0.7084 0.7296 0.75 0.7696 0.7884 0.8064 0.8236 0.84 0.8556 0.8704 0.8844 0.8976 0.91 0.9216 0.9324 0.9424 0.9516 0.96 0.9676 0.9744 0.9804 0.9856 0.99 0.9936 0.9964 0.9984 0.9996 1 0.9996 0.9984 0.9964 0.9936 0.99 0.9856 0.9804 0.9744 0.9676 0.96 0.9516 0.9424 0.9324 0.9216 0.91 0.8976 0.8844 0.8704 0.8556 0.84 0.8236 0.8064 0.7884 0.7696 0.75 0.7296 0.7084 0.6864 0.6636 0.64 0.6156 0.5904 0.5644 0.5376 0.51 0.4816 0.4524 0.4224 0.3916 0.36 0.3276 0.2944 0.2604 0.2256 0.19 0.1536 0.1164 0.0784 0.0396 0 
0.0396 0.0750722 0.110574 0.145761 0.180481 0.214651 0.248221 0.281157 0.313434 0.345031 0.375934 0.406129 0.435605 0.464352 0.492361 0.519626 0.546139 0.571894 0.596885 0.621108 0.644559 0.667235 0.689132 0.710249 0.730584 0.750137 0.768906 0.786893 0.804098 0.820523 0.836168 0.851036 0.865129 0.878449 0.890999 0.90278 0.913795 0.924046 0.933535 0.942264 0.950233 0.957445 0.963898 0.969594 0.974533 0.978714 0.982137 0.9848 0.986703 0.987846 0.988227 0.987846 0.986703 0.9848 0.982137 0.978714 0.974533 0.969594 0.963898 0.957445 0.950233 0.942264 0.933535 0.924046 0.913795 0.90278 0.890999 0.878449 0.865129 0.851036 0.836168 0.820523 0.804098 0.786893 0.768906 0.750137 0.730584 0.710249 0.689132 0.667235 0.644559 0.621108 0.596885 0.571894 0.546139 0.519626 0.492361 0.464352 0.435605 0.406129 0.375934 0.345031 0.313434 0.281157 0.248221 0.214651 0.180481 0.145761 0.110574 0.0750722 0.0396 
0.0784 0.110574 0.14308 0.175592 0.207904 0.239885 0.271449 0.302533 0.333089 0.363081 0.392478 0.421255 0.449391 0.476866 0.503665 0.529773 0.555176 0.579864 0.603826 0.627053 0.649538 0.671275 0.692259 0.712485 0.731952 0.750657 0.7686 0.785782 0.802205 0.817869 0.832778 0.846935 0.860344 0.873009 0.884934 0.896123 0.906579 0.916307 0.925309 0.933589 0.941148 0.947988 0.954111 0.959517 0.964205 0.968175 0.971426 0.973957 0.975767 0.976853 0.977215 0.976853 0.975767 0.973957 0.971426 0.968175 0.964205 0.959517 0.954111 0.947988 0.941148 0.933589 0.925309 0.916307 0.906579 0.896123 0.884934 0.873009 0.860344 0.846935 0.832778 0.817869 0.802205 0.785782 0.7686 0.750657 0.731952 0.712485 0.692259 0.671275 0.649538 0.627053 0.603826 0.579864 0.555176 0.529773 0.503665 0.476866 0.449391 0.421255 0.392478 0.363081 0.333089 0.302533 0.271449 0.239885 0.207904 0.175592 0.14308 0.110574 0.0784 
0.1164 0.145761 0.175592 0.20562 0.235643 0.265512 0.295119 0.324381 0.353235 0.381631 0.409524 0.43688 0.463668 0.489861 0.515436 0.540372 0.564651 0.588256 0.611174 0.633392 0.654899 0.675688 0.695751 0.715083 0.733681 0.751542 0.768665 0.785052 0.800703 0.815623 0.829813 0.84328 0.856027 0.868059 0.879383 0.890003 0.899924 0.909152 0.917689 0.92554 0.932708 0.939194 0.945001 0.950128 0.954576 0.958344 0.96143 0.963833 0.965552 0.966583 0.966928 0.966583 0.965552 0.963833 0.96143 0.958344 0.954576 0.950128 0.945001 0.939194 0.932708 0.92554 0.917689 0.909152 0.899924 0.890003 0.879383 0.868059 0.856027 0.84328 0.829813 0.815623 0.800703 0.785052 0.768665 0.751542 0.733681 0.715083 0.695751 0.675688 0.654899 0.633392 0.611174 0.588256 0.564651 0.540372 0.515436 0.489861 0.463668 0.43688 0.409524 0.381631 0.353235 0.324381 0.295119 0.265512 0.235643 0.20562 0.175592 0.145761 0.1164 
0.1536 0.180481 0.207904 0.235643 0.263513 0.291364 0.319079 0.346566 0.37375 0.400569 0.42697 0.45291 0.478351 0.503257 0.527602 0.551358 0.574503 0.597016 0.61888 0.64008 0.660604 0.68044 0.699579 0.718017 0.735748 0.75277 0.769081 0.784683 0.799577 0.813767 0.827257 0.840051 0.852157 0.863578 0.874323 0.884396 0.893804 0.902552 0.910644 0.918086 0.924879 0.931028 0.936532 0.941393 0.94561 0.949183 0.952111 0.954391 0.956022 0.957001 0.957328 0.957001 0.956022 0.954391 0.952111 0.949183 0.94561 0.941393 0.936532 0.931028 0.924879 0.918086 0.910644 0.902552 0.893804 0.884396 0.874323 0.863578 0.852157 0.840051 0.827257 0.813767 0.799577 0.784683 0.769081 0.75277 0.735748 0.718017 0.699579 0.68044 0.660604 0.64008 0.61888 0.597016 0.574503 0.551358 0.527602 0.503257 0.478351 0.45291 0.42697 0.400569 0.37375 0.346566 0.319079 0.291364 0.263513 0.235643 0.207904 0.180481 0.1536 
0.19 0.214651 0.239885 0.265512 0.291364 0.317299 0.343198 0.368965 0.394519 0.41979 0.444718 0.469254 0.493354 0.516977 0.540091 0.562665 0.584671 0.606089 0.626896 0.647075 0.666612 0.685494 0.703712 0.721258 0.738128 0.754318 0.769827 0.784656 0.798806 0.812282 0.825088 0.83723 0.848713 0.859544 0.86973 0.879277 0.888192 0.89648 0.904147 0.911196 0.917631 0.923456 0.92867 0.933276 0.937273 0.940659 0.943435 0.945596 0.947142 0.948071 0.948381 0.948071 0.947142 0.945596 0.943435 0.940659 0.937273 0.933276 0.92867 0.923456 0.917631 0.911196 0.904147 0.89648 0.888192 0.879277 0.86973 0.859544 0.848713 0.83723 0.825088 0.812282 0.798806 0.784656 0.769827 0.754318 0.738128 0.721258 0.703712 0.685494 0.666612 0.647075 0.626896 0.606089 0.584671 0.562665 0.540091 0.516977 0.493354 0.469254 0.444718 0.41979 0.394519 0.368965 0.343198 0.317299 0.291364 0.265512 0.239885 0.214651 0.19 
0.2256 0.248221 0.271449 0.295119 0.319079 0.343198 0.36736 0.391468 0.415437 0.439194 0.462675 0.485825 0.508597 0.530945 0.552833 0.574228 0.595099 0.615421 0.635172 0.654331 0.672884 0.690816 0.708116 0.724778 0.740794 0.756162 0.77088 0.784949 0.798371 0.811149 0.823289 0.834796 0.845676 0.855936 0.865582 0.874623 0.883063 0.89091 0.898167 0.90484 0.910933 0.916447 0.921384 0.925746 0.929531 0.932739 0.935367 0.937415 0.93888 0.93976 0.940053 0.93976 0.93888 0.937415 0.935367 0.932739 0.929531 0.925746 0.921384 0.916447 0.910933 0.90484 0.898167 0.89091 0.883063 0.874623 0.865582 0.855936 0.845676 0.834796 0.823289 0.811149 0.798371 0.784949 0.77088 0.756162 0.740794 0.724778 0.708116 0.690816 0.672884 0.654331 0.635172 0.615421 0.595099 0.574228 0.552833 0.530945 0.508597 0.485825 0.462675 0.439194 0.415437 0.391468 0.36736 0.343198 0.319079 0.295119 0.271449 0.248221 0.2256 
0.2604 0.281157 0.302533 0.324381 0.346566 0.368965 0.391468 0.413977 0.436411 0.458693 0.480757 0.502544 0.524005 0.545091 0.565764 0.585988 0.605729 0.624962 0.643661 0.661807 0.67938 0.696369 0.71276 0.728545 0.743719 0.758276 0.772217 0.78554 0.798249 0.810346 0.821837 0.832727 0.843022 0.85273 0.861856 0.870408 0.878392 0.885814 0.892679 0.898992 0.904755 0.909972 0.914644 0.918771 0.922353 0.925389 0.927877 0.929816 0.931202 0.932035 0.932313 0.932035 0.931202 0.929816 0.927877 0.925389 0.922353 0.918771 0.914644 0.909972 0.904755 0.898992 0.892679 0.885814 0.878392 0.870408 0.861856 0.85273 0.843022 0.832727 0.821837 0.810346 0.798249 0.78554 0.772217 0.758276 0.743719 0.728545 0.71276 0.696369 0.67938 0.661807 0.643661 0.624962 0.605729 0.585988 0.565764 0.545091 0.524005 0.502544 0.480757 0.458693 0.436411 0.413977 0.391468 0.368965 0.346566 0.324381 0.302533 0.281157 0.2604 
0.2944 0.313434 0.333089 0.353235 0.37375 0.394519 0.415437 0.436411 0.45736 0.478208 0.498887 0.519338 0.539509 0.559352 0.578823 0.597888 0.61651 0.634663 0.65232 0.66946 0.686065 0.702119 0.717611 0.732532 0.746875 0.760636 0.773813 0.786407 0.798419 0.809852 0.820712 0.831003 0.840731 0.849904 0.858528 0.866609 0.874154 0.881168 0.887656 0.893622 0.89907 0.904001 0.908418 0.91232 0.915708 0.918579 0.920933 0.922766 0.924078 0.924866 0.925129 0.924866 0.924078 0.922766 0.920933 0.918579 0.915708 0.91232 0.908418 0.904001 0.89907 0.893622 0.887656 0.881168 0.874154 0.866609 0.858528 0.849904 0.840731 0.831003 0.820712 0.809852 0.798419 0.786407 0.773813 0.760636 0.746875 0.732532 0.717611 0.702119 0.686065 0.66946 0.65232 0.634663 0.61651 0.597888 0.578823 0.559352 0.539509 0.519338 0.498887 0.478208 0.45736 0.436411 0.415437 0.394519 0.37375 0.353235 0.333089 0.313434 0.2944 
0.3276 0.345031 0.363081 0.381631 0.400569 0.41979 0.439194 0.458693 0.478208 0.497664 0.516994 0.536139 0.555046 0.573664 0.591953 0.609874 0.627391 0.644477 0.661105 0.677252 0.6929 0.708034 0.72264 0.73671 0.750237 0.763217 0.775647 0.787527 0.798858 0.809645 0.819891 0.829601 0.838781 0.847437 0.855575 0.863202 0.870324 0.876945 0.883071 0.888704 0.893849 0.898507 0.902679 0.906366 0.909566 0.91228 0.914504 0.916237 0.917476 0.918221 0.91847 0.918221 0.917476 0.916237 0.914504 0.91228 0.909566 0.906366 0.902679 0.898507 0.893849 0.888704 0.883071 0.876945 0.870324 0.863202 0.855575 0.847437 0.838781 0.829601 0.819891 0.809645 0.798858 0.787527 0.775647 0.763217 0.750237 0.73671 0.72264 0.708034 0.6929 0.677252 0.661105 0.644477 0.627391 0.609874 0.591953 0.573664 0.555046 0.536139 0.516994 0.497664 0.478208 0.458693 0.439194 0.41979 0.400569 0.381631 0.363081 0.345031 0.3276 
0.36 0.375934 0.392478 0.409524 0.42697 0.444718 0.462675 0.480757 0.498887 0.516994 0.535012 0.552882 0.570551 0.587971 0.605098 0.621894 0.638325 0.65436 0.669974 0.685144 0.69985 0.714078 0.727815 0.741051 0.753778 0.765993 0.777692 0.788876 0.799546 0.809704 0.819354 0.8285 0.837149 0.845306 0.852976 0.860165 0.866879 0.873123 0.8789 0.884214 0.889068 0.893463 0.8974 0.90088 0.903901 0.906463 0.908563 0.910199 0.91137 0.912073 0.912308 0.912073 0.91137 0.910199 0.908563 0.906463 0.903901 0.90088 0.8974 0.893463 0.889068 0.884214 0.8789 0.873123 0.866879 0.860165 0.852976 0.845306 0.837149 0.8285 0.819354 0.809704 0.799546 0.788876 0.777692 0.765993 0.753778 0.741051 0.727815 0.714078 0.69985 0.685144 0.669974 0.65436 0.638325 0.621894 0.605098 0.587971 0.570551 0.552882 0.535012 0.516994 0.498887 0.480757 0.462675 0.444718 0.42697 0.409524 0.392478 0.375934 0.36 
0.3916 0.406129 0.421255 0.43688 0.45291 0.469254 0.485825 0.502544 0.519338 0.536139 0.552882 0.56951 0.585971 0.602218 0.618207 0.633901 0.649265 0.664269 0.678888 0.693099 0.706882 0.720222 0.733107 0.745526 0.757472 0.76894 0.779927 0.790434 0.800459 0.810007 0.819079 0.82768 0.835815 0.843489 0.850708 0.857475 0.863797 0.869677 0.875119 0.880126 0.8847 0.888843 0.892555 0.895836 0.898686 0.901102 0.903083 0.904626 0.905731 0.906394 0.906616 0.906394 0.905731 0.904626 0.903083 0.901102 0.898686 0.895836 0.892555 0.888843 0.8847 0.880126 0.875119 0.869677 0.863797 0.857475 0.850708 0.843489 0.835815 0.82768 0.819079 0.810007 0.800459 0.790434 0.779927 0.76894 0.757472 0.745526 0.733107 0.720222 0.706882 0.693099 0.678888 0.664269 0.649265 0.633901 0.618207 0.602218 0.585971 0.56951 0.552882 0.536139 0.519338 0.502544 0.485825 0.469254 0.45291 0.43688 0.421255 0.406129 0.3916 
0.4224 0.435605 0.449391 0.463668 0.478351 0.493354 0.508597 0.524005 0.539509 0.555046 0.570551 0.585971 0.601256 0.616357 0.631235 0.64585 0.660171 0.674166 0.687811 0.701083 0.713963 0.726436 0.738488 0.75011 0.761294 0.772035 0.782329 0.792177 0.801578 0.810533 0.819046 0.827119 0.834758 0.841967 0.848749 0.85511 0.861054 0.866585 0.871705 0.876416 0.880722 0.884623 0.888119 0.891209 0.893894 0.89617 0.898036 0.899491 0.900532 0.901158 0.901366 0.901158 0.900532 0.899491 0.898036 0.89617 0.893894 0.891209 0.888119 0.884623 0.880722 0.876416 0.871705 0.866585 0.861054 0.85511 0.848749 0.841967 0.834758 0.827119 0.819046 0.810533 0.801578 0.792177 0.782329 0.772035 0.761294 0.75011 0.738488 0.726436 0.713963 0.701083 0.687811 0.674166 0.660171 0.64585 0.631235 0.616357 0.601256 0.585971 0.570551 0.555046 0.539509 0.524005 0.508597 0.493354 0.478351 0.463668 0.449391 0.435605 0.4224 
0.4524 0.464352 0.476866 0.489861 0.503257 0.516977 0.530945 0.545091 0.559352 0.573664 0.587971 0.602218 0.616357 0.630344 0.644137 0.657702 0.671003 0.684014 0.696709 0.709065 0.721064 0.73269 0.743932 0.754777 0.76522 0.775254 0.784876 0.794085 0.80288 0.811262 0.819234 0.826798 0.833958 0.840717 0.84708 0.853049 0.85863 0.863824 0.868634 0.873063 0.877111 0.880779 0.884067 0.886975 0.889501 0.891643 0.8934 0.894769 0.895749 0.896338 0.896534 0.896338 0.895749 0.894769 0.8934 0.891643 0.889501 0.886975 0.884067 0.880779 0.877111 0.873063 0.868634 0.863824 0.85863 0.853049 0.84708 0.840717 0.833958 0.826798 0.819234 0.811262 0.80288 0.794085 0.784876 0.775254 0.76522 0.754777 0.743932 0.73269 0.721064 0.709065 0.696709 0.684014 0.671003 0.657702 0.644137 0.630344 0.616357 0.602218 0.587971 0.573664 0.559352 0.545091 0.530945 0.516977 0.503257 0.489861 0.476866 0.464352 0.4524 
0.4816 0.492361 0.503665 0.515436 0.527602 0.540091 0.552833 0.565764 0.578823 0.591953 0.605098 0.618207 0.631235 0.644137 0.656877 0.669418 0.681728 0.69378 0.705549 0.717014 0.728156 0.738959 0.749412 0.759504 0.769228 0.778576 0.787547 0.796137 0.804346 0.812174 0.819624 0.826696 0.833394 0.83972 0.845679 0.851272 0.856502 0.861373 0.865886 0.870042 0.873843 0.877288 0.880377 0.883109 0.885483 0.887497 0.889148 0.890436 0.891357 0.891911 0.892096 0.891911 0.891357 0.890436 0.889148 0.887497 0.885483 0.883109 0.880377 0.877288 0.873843 0.870042 0.865886 0.861373 0.856502 0.851272 0.845679 0.83972 0.833394 0.826696 0.819624 0.812174 0.804346 0.796137 0.787547 0.778576 0.769228 0.759504 0.749412 0.738959 0.728156 0.717014 0.705549 0.69378 0.681728 0.669418 0.656877 0.644137 0.631235 0.618207 0.605098 0.591953 0.578823 0.565764 0.552833 0.540091 0.527602 0.515436 0.503665 0.492361 0.4816 
0.51 0.519626 0.529773 0.540372 0.551358 0.562665 0.574228 0.585988 0.597888 0.609874 0.621894 0.633901 0.64585 0.657702 0.669418 0.680965 0.692312 0.703433 0.714303 0.724902 0.735212 0.745218 0.754907 0.764269 0.773295 0.781981 0.790321 0.798313 0.805957 0.813251 0.820196 0.826794 0.833047 0.838957 0.844526 0.849758 0.854652 0.859213 0.86344 0.867334 0.870897 0.874128 0.877026 0.879589 0.881817 0.883708 0.885259 0.886468 0.887333 0.887853 0.888026 0.887853 0.887333 0.886468 0.885259 0.883708 0.881817 0.879589 0.877026 0.874128 0.870897 0.867334 0.86344 0.859213 0.854652 0.849758 0.844526 0.838957 0.833047 0.826794 0.820196 0.813251 0.805957 0.798313 0.790321 0.781981 0.773295 0.764269 0.754907 0.745218 0.735212 0.724902 0.714303 0.703433 0.692312 0.680965 0.669418 0.657702 0.64585 0.633901 0.621894 0.609874 0.597888 0.585988 0.574228 0.562665 0.551358 0.540372 0.529773 0.519626 0.51 
0.5376 0.546139 0.555176 0.564651 0.574503 0.584671 0.595099 0.605729 0.61651 0.627391 0.638325 0.649265 0.660171 0.671003 0.681728 0.692312 0.702726 0.712945 0.722945 0.732706 0.74221 0.751444 0.760393 0.769049 0.777402 0.785448 0.79318 0.800596 0.807693 0.814472 0.820932 0.827074 0.832899 0.838409 0.843604 0.848487 0.853059 0.857321 0.861274 0.864918 0.868253 0.871278 0.873992 0.876395 0.878483 0.880255 0.881709 0.882843 0.883654 0.884142 0.884304 0.884142 0.883654 0.882843 0.881709 0.880255 0.878483 0.876395 0.873992 0.871278 0.868253 0.864918 0.861274 0.857321 0.853059 0.848487 0.843604 0.838409 0.832899 0.827074 0.820932 0.814472 0.807693 0.800596 0.79318 0.785448 0.777402 0.769049 0.760393 0.751444 0.74221 0.732706 0.722945 0.712945 0.702726 0.692312 0.681728 0.671003 0.660171 0.649265 0.638325 0.627391 0.61651 0.605729 0.595099 0.584671 0.574503 0.564651 0.555176 0.546139 0.5376 
0.5644 0.571894 0.579864 0.588256 0.597016 0.606089 0.615421 0.624962 0.634663 0.644477 0.65436 0.664269 0.674166 0.684014 0.69378 0.703433 0.712945 0.722291 0.73145 0.740401 0.749128 0.757615 0.765852 0.773826 0.781531 0.788958 0.796104 0.802965 0.809538 0.815822 0.821815 0.827519 0.832932 0.838057 0.842894 0.847443 0.851705 0.855681 0.85937 0.862774 0.86589 0.868718 0.871256 0.873503 0.875457 0.877116 0.878477 0.879539 0.880299 0.880756 0.880908 0.880756 0.880299 0.879539 0.878477 0.877116 0.875457 0.873503 0.871256 0.868718 0.86589 0.862774 0.85937 0.855681 0.851705 0.847443 0.842894 0.838057 0.832932 0.827519 0.821815 0.815822 0.809538 0.802965 0.796104 0.788958 0.781531 0.773826 0.765852 0.757615 0.749128 0.740401 0.73145 0.722291 0.712945 0.703433 0.69378 0.684014 0.674166 0.664269 0.65436 0.644477 0.634663 0.624962 0.615421 0.606089 0.597016 0.588256 0.579864 0.571894 0.5644 
0.5904 0.596885 0.603826 0.611174 0.61888 0.626896 0.635172 0.643661 0.65232 0.661105 0.669974 0.678888 0.687811 0.696709 0.705549 0.714303 0.722945 0.73145 0.739797 0.747967 0.755944 0.763714 0.771263 0.778582 0.785662 0.792496 0.799079 0.805406 0.811474 0.817282 0.822828 0.82811 0.833129 0.837885 0.842377 0.846606 0.850571 0.854272 0.85771 0.860882 0.863789 0.866427 0.868797 0.870896 0.872722 0.874272 0.875544 0.876537 0.877247 0.877674 0.877817 0.877674 0.877247 0.876537 0.875544 0.874272 0.872722 0.870896 0.868797 0.866427 0.863789 0.860882 0.85771 0.854272 0.850571 0.846606 0.842377 0.837885 0.833129 0.82811 0.822828 0.817282 0.811474 0.805406 0.799079 0.792496 0.785662 0.778582 0.771263 0.763714 0.755944 0.747967 0.739797 0.73145 0.722945 0.714303 0.705549 0.696709 0.687811 0.678888 0.669974 0.661105 0.65232 0.643661 0.635172 0.626896 0.61888 0.611174 0.603826 0.596885 0.5904 
0.6156 0.621108 0.627053 0.633392 0.64008 0.647075 0.654331 0.661807 0.66946 0.677252 0.685144 0.693099 0.701083 0.709065 0.717014 0.724902 0.732706 0.740401 0.747967 0.755387 0.762643 0.769722 0.776611 0.7833 0.78978 0.796044 0.802086 0.807902 0.813486 0.818838 0.823954 0.828833 0.833474 0.837875 0.842038 0.845959 0.84964 0.853078 0.856274 0.859225 0.861931 0.864389 0.866597 0.868554 0.870256 0.871702 0.872889 0.873815 0.874479 0.874877 0.87501 0.874877 0.874479 0.873815 0.872889 0.871702 0.870256 0.868554 0.866597 0.864389 0.861931 0.859225 0.856274 0.853078 0.84964 0.845959 0.842038 0.837875 0.833474 0.828833 0.823954 0.818838 0.813486 0.807902 0.802086 0.796044 0.78978 0.7833 0.776611 0.769722 0.762643 0.755387 0.747967 0.740401 0.732706 0.724902 0.717014 0.709065 0.701083 0.693099 0.685144 0.677252 0.66946 0.661807 0.654331 0.647075 0.64008 0.633392 0.627053 0.621108 0.6156 
0.64 0.644559 0.649538 0.654899 0.660604 0.666612 0.672884 0.67938 0.686065 0.6929 0.69985 0.706882 0.713963 0.721064 0.728156 0.735212 0.74221 0.749128 0.755944 0.762643 0.769207 0.775623 0.78188 0.787965 0.79387 0.799588 0.805112 0.810437 0.815559 0.820473 0.825178 0.829671 0.83395 0.838013 0.841859 0.845487 0.848895 0.852082 0.855046 0.857786 0.860299 0.862583 0.864637 0.866457 0.868042 0.869389 0.870494 0.871357 0.871975 0.872346 0.87247 0.872346 0.871975 0.871357 0.870494 0.869389 0.868042 0.866457 0.864637 0.862583 0.860299 0.857786 0.855046 0.852082 0.848895 0.845487 0.841859 0.838013 0.83395 0.829671 0.825178 0.820473 0.815559 0.810437 0.805112 0.799588 0.79387 0.787965 0.78188 0.775623 0.769207 0.762643 0.755944 0.749128 0.74221 0.735212 0.728156 0.721064 0.713963 0.706882 0.69985 0.6929 0.686065 0.67938 0.672884 0.666612 0.660604 0.654899 0.649538 0.644559 0.64 
0.6636 0.667235 0.671275 0.675688 0.68044 0.685494 0.690816 0.696369 0.702119 0.708034 0.714078 0.720222 0.726436 0.73269 0.738959 0.745218 0.751444 0.757615 0.763714 0.769722 0.775623 0.781406 0.787056 0.792563 0.797919 0.803114 0.808143 0.812999 0.817678 0.822175 0.826486 0.83061 0.834542 0.838282 0.841826 0.845172 0.84832 0.851266 0.854009 0.856546 0.858875 0.860994 0.8629 0.86459 0.866062 0.867313 0.868341 0.869143 0.869717 0.870062 0.870177 0.870062 0.869717 0.869143 0.868341 0.867313 0.866062 0.86459 0.8629 0.860994 0.858875 0.856546 0.854009 0.851266 0.84832 0.845172 0.841826 0.838282 0.834542 0.83061 0.826486 0.822175 0.817678 0.812999 0.808143 0.803114 0.797919 0.792563 0.787056 0.781406 0.775623 0.769722 0.763714 0.757615 0.751444 0.745218 0.738959 0.73269 0.726436 0.720222 0.714078 0.708034 0.702119 0.696369 0.690816 0.685494 0.68044 0.675688 0.671275 0.667235 0.6636 
0.6864 0.689132 0.692259 0.695751 0.699579 0.703712 0.708116 0.71276 0.717611 0.72264 0.727815 0.733107 0.738488 0.743932 0.749412 0.754907 0.760393 0.765852 0.771263 0.776611 0.78188 0.787056 0.792127 0.797083 0.801913 0.80661 0.811166 0.815575 0.81983 0.823928 0.827865 0.831635 0.835237 0.838667 0.841923 0.845001 0.8479 0.850616 0.853148 0.855491 0.857645 0.859605 0.861369 0.862935 0.864299 0.865459 0.866411 0.867155 0.867688 0.868009 0.868116 0.868009 0.867688 0.867155 0.866411 0.865459 0.864299 0.862935 0.861369 0.859605 0.857645 0.855491 0.853148 0.850616 0.8479 0.845001 0.841923 0.838667 0.835237 0.831635 0.827865 0.823928 0.81983 0.815575 0.811166 0.80661 0.801913 0.797083 0.792127 0.787056 0.78188 0.776611 0.771263 0.765852 0.760393 0.754907 0.749412 0.743932 0.738488 0.733107 0.727815 0.72264 0.717611 0.71276 0.708116 0.703712 0.699579 0.695751 0.692259 0.689132 0.6864 
0.7084 0.710249 0.712485 0.715083 0.718017 0.721258 0.724778 0.728545 0.732532 0.73671 0.741051 0.745526 0.75011 0.754777 0.759504 0.764269 0.769049 0.773826 0.778582 0.7833 0.787965 0.792563 0.797083 0.801513 0.805843 0.810064 0.814169 0.818151 0.822004 0.825722 0.8293 0.832734 0.836021 0.839156 0.842137 0.844959 0.84762 0.850117 0.852446 0.854605 0.856591 0.858399 0.860029 0.861475 0.862736 0.863809 0.86469 0.865379 0.865872 0.866169 0.866268 0.866169 0.865872 0.865379 0.86469 0.863809 0.862736 0.861475 0.860029 0.858399 0.856591 0.854605 0.852446 0.850117 0.84762 0.844959 0.842137 0.839156 0.836021 0.832734 0.8293 0.825722 0.822004 0.818151 0.814169 0.810064 0.805843 0.801513 0.797083 0.792563 0.787965 0.7833 0.778582 0.773826 0.769049 0.764269 0.759504 0.754777 0.75011 0.745526 0.741051 0.73671 0.732532 0.728545 0.724778 0.721258 0.718017 0.715083 0.712485 0.710249 0.7084 
0.7296 0.730584 0.731952 0.733681 0.735748 0.738128 0.740794 0.743719 0.746875 0.750237 0.753778 0.757472 0.761294 0.76522 0.769228 0.773295 0.777402 0.781531 0.785662 0.78978 0.79387 0.797919 0.801913 0.805843 0.809696 0.813465 0.817142 0.820718 0.824187 0.827543 0.83078 0.833895 0.836881 0.839735 0.842454 0.845032 0.847466 0.849754 0.851891 0.853873 0.855698 0.857363 0.858863 0.860196 0.861358 0.862348 0.863162 0.863797 0.864253 0.864526 0.864618 0.864526 0.864253 0.863797 0.863162 0.862348 0.861358 0.860196 0.858863 0.857363 0.855698 0.853873 0.851891 0.849754 0.847466 0.845032 0.842454 0.839735 0.836881 0.833895 0.83078 0.827543 0.824187 0.820718 0.817142 0.813465 0.809696 0.805843 0.801913 0.797919 0.79387 0.78978 0.785662 0.781531 0.777402 0.773295 0.769228 0.76522 0.761294 0.757472 0.753778 0.750237 0.746875 0.743719 0.740794 0.738128 0.735748 0.733681 0.731952 0.730584 0.7296 
0.75 0.750137 0.750657 0.751542 0.75277 0.754318 0.756162 0.758276 0.760636 0.763217 0.765993 0.76894 0.772035 0.775254 0.778576 0.781981 0.785448 0.788958 0.792496 0.796044 0.799588 0.803114 0.80661 0.810064 0.813465 0.816805 0.820074 0.823264 0.826368 0.829381 0.832294 0.835104 0.837805 0.840392 0.842861 0.845206 0.847425 0.849513 0.851467 0.853281 0.854954 0.85648 0.857858 0.859082 0.860151 0.861061 0.86181 0.862395 0.862814 0.863067 0.863151 0.863067 0.862814 0.862395 0.86181 0.861061 0.860151 0.859082 0.857858 0.85648 0.854954 0.853281 0.851467 0.849513 0.847425 0.845206 0.842861 0.840392 0.837805 0.835104 0.832294 0.829381 0.826368 0.823264 0.820074 0.816805 0.813465 0.810064 0.80661 0.803114 0.799588 0.796044 0.792496 0.788958 0.785448 0.781981 0.778576 0.775254 0.772035 0.76894 0.765993 0.763217 0.760636 0.758276 0.756162 0.754318 0.75277 0.751542 0.750657 0.750137 0.75 
0.7696 0.768906 0.7686 0.768665 0.769081 0.769827 0.77088 0.772217 0.773813 0.775647 0.777692 0.779927 0.782329 0.784876 0.787547 0.790321 0.79318 0.796104 0.799079 0.802086 0.805112 0.808143 0.811166 0.814169 0.817142 0.820074 0.822956 0.825781 0.828539 0.831225 0.833831 0.836352 0.838782 0.841114 0.843346 0.845471 0.847485 0.849383 0.851162 0.852816 0.854343 0.855739 0.856999 0.85812 0.8591 0.859935 0.860621 0.861158 0.861543 0.861775 0.861852 0.861775 0.861543 0.861158 0.860621 0.859935 0.8591 0.85812 0.856999 0.855739 0.854343 0.852816 0.851162 0.849383 0.847485 0.845471 0.843346 0.841114 0.838782 0.836352 0.833831 0.831225 0.828539 0.825781 0.822956 0.820074 0.817142 0.814169 0.811166 0.808143 0.805112 0.802086 0.799079 0.796104 0.79318 0.790321 0.787547 0.784876 0.782329 0.779927 0.777692 0.775647 0.773813 0.772217 0.77088 0.769827 0.769081 0.768665 0.7686 0.768906 0.7696 
0.7884 0.786893 0.785782 0.785052 0.784683 0.784656 0.784949 0.78554 0.786407 0.787527 0.788876 0.790434 0.792177 0.794085 0.796137 0.798313 0.800596 0.802965 0.805406 0.807902 0.810437 0.812999 0.815575 0.818151 0.820718 0.823264 0.825781 0.828258 0.830689 0.833066 0.835381 0.837627 0.8398 0.841892 0.843898 0.845813 0.847632 0.84935 0.850962 0.852465 0.853854 0.855125 0.856274 0.857297 0.858191 0.858954 0.859582 0.860073 0.860425 0.860637 0.860708 0.860637 0.860425 0.860073 0.859582 0.858954 0.858191 0.857297 0.856274 0.855125 0.853854 0.852465 0.850962 0.84935 0.847632 0.845813 0.843898 0.841892 0.8398 0.837627 0.835381 0.833066 0.830689 0.828258 0.825781 0.823264 0.820718 0.818151 0.815575 0.812999 0.810437 0.807902 0.805406 0.802965 0.800596 0.798313 0.796137 0.794085 0.792177 0.790434 0.788876 0.787527 0.786407 0.78554 0.784949 0.784656 0.784683 0.785052 0.785782 0.786893 0.7884 
0.8064 0.804098 0.802205 0.800703 0.799577 0.798806 0.798371 0.798249 0.798419 0.798858 0.799546 0.800459 0.801578 0.80288 0.804346 0.805957 0.807693 0.809538 0.811474 0.813486 0.815559 0.817678 0.81983 0.822004 0.824187 0.826368 0.828539 0.830689 0.832811 0.834894 0.836933 0.83892 0.840849 0.842712 0.844505 0.846221 0.847855 0.849403 0.850858 0.852216 0.853474 0.854626 0.855669 0.856599 0.857413 0.858107 0.858679 0.859127 0.859448 0.859641 0.859706 0.859641 0.859448 0.859127 0.858679 0.858107 0.857413 0.856599 0.855669 0.854626 0.853474 0.852216 0.850858 0.849403 0.847855 0.846221 0.844505 0.842712 0.840849 0.83892 0.836933 0.834894 0.832811 0.830689 0.828539 0.826368 0.824187 0.822004 0.81983 0.817678 0.815559 0.813486 0.811474 0.809538 0.807693 0.805957 0.804346 0.80288 0.801578 0.800459 0.799546 0.798858 0.798419 0.798249 0.798371 0.798806 0.799577 0.800703 0.802205 0.804098 0.8064 
0.8236 0.820523 0.817869 0.815623 0.813767 0.812282 0.811149 0.810346 0.809852 0.809645 0.809704 0.810007 0.810533 0.811262 0.812174 0.813251 0.814472 0.815822 0.817282 0.818838 0.820473 0.822175 0.823928 0.825722 0.827543 0.829381 0.831225 0.833066 0.834894 0.836702 0.83848 0.840222 0.84192 0.843567 0.845158 0.846686 0.848145 0.84953 0.850836 0.852057 0.85319 0.85423 0.855173 0.856015 0.856752 0.857381 0.8579 0.858307 0.858598 0.858774 0.858832 0.858774 0.858598 0.858307 0.8579 0.857381 0.856752 0.856015 0.855173 0.85423 0.85319 0.852057 0.850836 0.84953 0.848145 0.846686 0.845158 0.843567 0.84192 0.840222 0.83848 0.836702 0.834894 0.833066 0.831225 0.829381 0.827543 0.825722 0.823928 0.822175 0.820473 0.818838 0.817282 0.815822 0.814472 0.813251 0.812174 0.811262 0.810533 0.810007 0.809704 0.809645 0.809852 0.810346 0.811149 0.812282 0.813767 0.815623 0.817869 0.820523 0.8236 
0.84 0.836168 0.832778 0.829813 0.827257 0.825088 0.823289 0.821837 0.820712 0.819891 0.819354 0.819079 0.819046 0.819234 0.819624 0.820196 0.820932 0.821815 0.822828 0.823954 0.825178 0.826486 0.827865 0.8293 0.83078 0.832294 0.833831 0.835381 0.836933 0.83848 0.840013 0.841523 0.843003 0.844446 0.845846 0.847196 0.848489 0.849721 0.850886 0.851978 0.852993 0.853927 0.854774 0.855532 0.856197 0.856765 0.857234 0.857601 0.857865 0.858023 0.858076 0.858023 0.857865 0.857601 0.857234 0.856765 0.856197 0.855532 0.854774 0.853927 0.852993 0.851978 0.850886 0.849721 0.848489 0.847196 0.845846 0.844446 0.843003 0.841523 0.840013 0.83848 0.836933 0.835381 0.833831 0.832294 0.83078 0.8293 0.827865 0.826486 0.825178 0.823954 0.822828 0.821815 0.820932 0.820196 0.819624 0.819234 0.819046 0.819079 0.819354 0.819891 0.820712 0.821837 0.823289 0.825088 0.827257 0.829813 0.832778 0.836168 0.84 
0.8556 0.851036 0.846935 0.84328 0.840051 0.83723 0.834796 0.832727 0.831003 0.829601 0.8285 0.82768 0.827119 0.826798 0.826696 0.826794 0.827074 0.827519 0.82811 0.828833 0.829671 0.83061 0.831635 0.832734 0.833895 0.835104 0.836352 0.837627 0.83892 0.840222 0.841523 0.842815 0.84409 0.845341 0.84656 0.847742 0.848879 0.849967 0.850998 0.851968 0.852872 0.853704 0.854462 0.855141 0.855737 0.856247 0.856668 0.856999 0.857236 0.857379 0.857427 0.857379 0.857236 0.856999 0.856668 0.856247 0.855737 0.855141 0.854462 0.853704 0.852872 0.851968 0.850998 0.849967 0.848879 0.847742 0.84656 0.845341 0.84409 0.842815 0.841523 0.840222 0.83892 0.837627 0.836352 0.835104 0.833895 0.832734 0.831635 0.83061 0.829671 0.828833 0.82811 0.827519 0.827074 0.826794 0.826696 0.826798 0.827119 0.82768 0.8285 0.829601 0.831003 0.832727 0.834796 0.83723 0.840051 0.84328 0.846935 0.851036 0.8556 
0.8704 0.865129 0.860344 0.856027 0.852157 0.848713 0.845676 0.843022 0.840731 0.838781 0.837149 0.835815 0.834758 0.833958 0.833394 0.833047 0.832899 0.832932 0.833129 0.833474 0.83395 0.834542 0.835237 0.836021 0.836881 0.837805 0.838782 0.8398 0.840849 0.84192 0.843003 0.84409 0.845172 0.846242 0.847292 0.848315 0.849306 0.850257 0.851162 0.852017 0.852815 0.853553 0.854227 0.854831 0.855362 0.855817 0.856194 0.856489 0.856701 0.856829 0.856872 0.856829 0.856701 0.856489 0.856194 0.855817 0.855362 0.854831 0.854227 0.853553 0.852815 0.852017 0.851162 0.850257 0.849306 0.848315 0.847292 0.846242 0.845172 0.84409 0.843003 0.84192 0.840849 0.8398 0.838782 0.837805 0.836881 0.836021 0.835237 0.834542 0.83395 0.833474 0.833129 0.832932 0.832899 0.833047 0.833394 0.833958 0.834758 0.835815 0.837149 0.838781 0.840731 0.843022 0.845676 0.848713 0.852157 0.856027 0.860344 0.865129 0.8704 
0.8844 0.878449 0.873009 0.868059 0.863578 0.859544 0.855936 0.85273 0.849904 0.847437 0.845306 0.843489 0.841967 0.840717 0.83972 0.838957 0.838409 0.838057 0.837885 0.837875 0.838013 0.838282 0.838667 0.839156 0.839735 0.840392 0.841114 0.841892 0.842712 0.843567 0.844446 0.845341 0.846242 0.847142 0.848033 0.848908 0.849759 0.850582 0.851369 0.852115 0.852816 0.853464 0.854058 0.854591 0.855062 0.855466 0.8558 0.856062 0.856251 0.856365 0.856403 0.856365 0.856251 0.856062 0.8558 0.855466 0.855062 0.854591 0.854058 0.853464 0.852816 0.852115 0.851369 0.850582 0.849759 0.848908 0.848033 0.847142 0.846242 0.845341 0.844446 0.843567 0.842712 0.841892 0.841114 0.840392 0.839735 0.839156 0.838667 0.838282 0.838013 0.837875 0.837885 0.838057 0.838409 0.838957 0.83972 0.840717 0.841967 0.843489 0.845306 0.847437 0.849904 0.85273 0.855936 0.859544 0.863578 0.868059 0.873009 0.878449 0.8844 
0.8976 0.890999 0.884934 0.879383 0.874323 0.86973 0.865582 0.861856 0.858528 0.855575 0.852976 0.850708 0.848749 0.84708 0.845679 0.844526 0.843604 0.842894 0.842377 0.842038 0.841859 0.841826 0.841923 0.842137 0.842454 0.842861 0.843346 0.843898 0.844505 0.845158 0.845846 0.84656 0.847292 0.848033 0.848775 0.84951 0.850232 0.850935 0.851611 0.852256 0.852863 0.853428 0.853947 0.854414 0.854828 0.855183 0.855478 0.855709 0.855876 0.855977 0.856011 0.855977 0.855876 0.855709 0.855478 0.855183 0.854828 0.854414 0.853947 0.853428 0.852863 0.852256 0.851611 0.850935 0.850232 0.84951 0.848775 0.848033 0.847292 0.84656 0.845846 0.845158 0.844505 0.843898 0.843346 0.842861 0.842454 0.842137 0.841923 0.841826 0.841859 0.842038 0.842377 0.842894 0.843604 0.844526 0.845679 0.84708 0.848749 0.850708 0.852976 0.855575 0.858528 0.861856 0.865582 0.86973 0.874323 0.879383 0.884934 0.890999 0.8976 
0.91 0.90278 0.896123 0.890003 0.884396 0.879277 0.874623 0.870408 0.866609 0.863202 0.860165 0.857475 0.85511 0.853049 0.851272 0.849758 0.848487 0.847443 0.846606 0.845959 0.845487 0.845172 0.845001 0.844959 0.845032 0.845206 0.845471 0.845813 0.846221 0.846686 0.847196 0.847742 0.848315 0.848908 0.84951 0.850116 0.850717 0.851307 0.851879 0.852429 0.852949 0.853436 0.853885 0.854291 0.854651 0.854961 0.855218 0.855421 0.855567 0.855656 0.855685 0.855656 0.855567 0.855421 0.855218 0.854961 0.854651 0.854291 0.853885 0.853436 0.852949 0.852429 0.851879 0.851307 0.850717 0.850116 0.84951 0.848908 0.848315 0.847742 0.847196 0.846686 0.846221 0.845813 0.845471 0.845206 0.845032 0.844959 0.845001 0.845172 0.845487 0.845959 0.846606 0.847443 0.848487 0.849758 0.851272 0.853049 0.85511 0.857475 0.860165 0.863202 0.866609 0.870408 0.874623 0.879277 0.884396 0.890003 0.896123 0.90278 0.91 
0.9216 0.913795 0.906579 0.899924 0.893804 0.888192 0.883063 0.878392 0.874154 0.870324 0.866879 0.863797 0.861054 0.85863 0.856502 0.854652 0.853059 0.851705 0.850571 0.84964 0.848895 0.84832 0.8479 0.84762 0.847466 0.847425 0.847485 0.847632 0.847855 0.848145 0.848489 0.848879 0.849306 0.849759 0.850232 0.850717 0.851205 0.85169 0.852166 0.852627 0.853067 0.853481 0.853864 0.854213 0.854523 0.854791 0.855014 0.85519 0.855317 0.855394 0.855419 0.855394 0.855317 0.85519 0.855014 0.854791 0.854523 0.854213 0.853864 0.853481 0.853067 0.852627 0.852166 0.85169 0.851205 0.850717 0.850232 0.849759 0.849306 0.848879 0.848489 0.848145 0.847855 0.847632 0.847485 0.847425 0.847466 0.84762 0.8479 0.84832 0.848895 0.84964 0.850571 0.851705 0.853059 0.854652 0.856502 0.85863 0.861054 0.863797 0.866879 0.870324 0.874154 0.878392 0.883063 0.888192 0.893804 0.899924 0.906579 0.913795 0.9216 
0.9324 0.924046 0.916307 0.909152 0.902552 0.89648 0.89091 0.885814 0.881168 0.876945 0.873123 0.869677 0.866585 0.863824 0.861373 0.859213 0.857321 0.855681 0.854272 0.853078 0.852082 0.851266 0.850616 0.850117 0.849754 0.849513 0.849383 0.84935 0.849403 0.84953 0.849721 0.849967 0.850257 0.850582 0.850935 0.851307 0.85169 0.852079 0.852465 0.852844 0.853209 0.853555 0.853877 0.854173 0.854436 0.854665 0.854856 0.855007 0.855116 0.855182 0.855205 0.855182 0.855116 0.855007 0.854856 0.854665 0.854436 0.854173 0.853877 0.853555 0.853209 0.852844 0.852465 0.852079 0.85169 0.851307 0.850935 0.850582 0.850257 0.849967 0.849721 0.84953 0.849403 0.84935 0.849383 0.849513 0.849754 0.850117 0.850616 0.851266 0.852082 0.853078 0.854272 0.855681 0.857321 0.859213 0.861373 0.863824 0.866585 0.869677 0.873123 0.876945 0.881168 0.885814 0.89091 0.89648 0.902552 0.909152 0.916307 0.924046 0.9324 
0.9424 0.933535 0.925309 0.917689 0.910644 0.904147 0.898167 0.892679 0.887656 0.883071 0.8789 0.875119 0.871705 0.868634 0.865886 0.86344 0.861274 0.85937 0.85771 0.856274 0.855046 0.854009 0.853148 0.852446 0.851891 0.851467 0.851162 0.850962 0.850858 0.850836 0.850886 0.850998 0.851162 0.851369 0.851611 0.851879 0.852166 0.852465 0.852769 0.853071 0.853367 0.853651 0.853918 0.854163 0.854384 0.854577 0.854738 0.854866 0.854959 0.855015 0.855034 0.855015 0.854959 0.854866 0.854738 0.854577 0.854384 0.854163 0.853918 0.853651 0.853367 0.853071 0.852769 0.852465 0.852166 0.851879 0.851611 0.851369 0.851162 0.850998 0.850886 0.850836 0.850858 0.850962 0.851162 0.851467 0.851891 0.852446 0.853148 0.854009 0.855046 0.856274 0.85771 0.85937 0.861274 0.86344 0.865886 0.868634 0.871705 0.875119 0.8789 0.883071 0.887656 0.892679 0.898167 0.904147 0.910644 0.917689 0.925309 0.933535 0.9424 
0.9516 0.942264 0.933589 0.92554 0.918086 0.911196 0.90484 0.898992 0.893622 0.888704 0.884214 0.880126 0.876416 0.873063 0.870042 0.867334 0.864918 0.862774 0.860882 0.859225 0.857786 0.856546 0.855491 0.854605 0.853873 0.853281 0.852816 0.852465 0.852216 0.852057 0.851978 0.851968 0.852017 0.852115 0.852256 0.852429 0.852627 0.852844 0.853071 0.853304 0.853536 0.853763 0.853978 0.854179 0.85436 0.85452 0.854654 0.854761 0.854839 0.854886 0.854902 0.854886 0.854839 0.854761 0.854654 0.85452 0.85436 0.854179 0.853978 0.853763 0.853536 0.853304 0.853071 0.852844 0.852627 0.852429 0.852256 0.852115 0.852017 0.851968 0.851978 0.852057 0.852216 0.852465 0.852816 0.853281 0.853873 0.854605 0.855491 0.856546 0.857786 0.859225 0.860882 0.862774 0.864918 0.867334 0.870042 0.873063 0.876416 0.880126 0.884214 0.888704 0.893622 0.898992 0.90484 0.911196 0.918086 0.92554 0.933589 0.942264 0.9516 
0.96 0.950233 0.941148 0.932708 0.924879 0.917631 0.910933 0.904755 0.89907 0.893849 0.889068 0.8847 0.880722 0.877111 0.873843 0.870897 0.868253 0.86589 0.863789 0.861931 0.860299 0.858875 0.857645 0.856591 0.855698 0.854954 0.854343 0.853854 0.853474 0.85319 0.852993 0.852872 0.852815 0.852816 0.852863 0.852949 0.853067 0.853209 0.853367 0.853536 0.853711 0.853885 0.854053 0.854212 0.854358 0.854487 0.854597 0.854685 0.854749 0.854788 0.854801 0.854788 0.854749 0.854685 0.854597 0.854487 0.854358 0.854212 0.854053 0.853885 0.853711 0.853536 0.853367 0.853209 0.853067 0.852949 0.852863 0.852816 0.852815 0.852872 0.852993 0.85319 0.853474 0.853854 0.854343 0.854954 0.855698 0.856591 0.857645 0.858875 0.860299 0.861931 0.863789 0.86589 0.868253 0.870897 0.873843 0.877111 0.880722 0.8847 0.889068 0.893849 0.89907 0.904755 0.910933 0.917631 0.924879 0.932708 0.941148 0.950233 0.96 
0.9676 0.957445 0.947988 0.939194 0.931028 0.923456 0.916447 0.909972 0.904001 0.898507 0.893463 0.888843 0.884623 0.880779 0.877288 0.874128 0.871278 0.868718 0.866427 0.864389 0.862583 0.860994 0.859605 0.858399 0.857363 0.85648 0.855739 0.855125 0.854626 0.85423 0.853927 0.853704 0.853553 0.853464 0.853428 0.853436 0.853481 0.853555 0.853651 0.853763 0.853885 0.854011 0.854138 0.85426 0.854373 0.854475 0.854562 0.854632 0.854684 0.854715 0.854726 0.854715 0.854684 0.854632 0.854562 0.854475 0.854373 0.85426 0.854138 0.854011 0.853885 0.853763 0.853651 0.853555 0.853481 0.853436 0.853428 0.853464 0.853553 0.853704 0.853927 0.85423 0.854626 0.855125 0.855739 0.85648 0.857363 0.858399 0.859605 0.860994 0.862583 0.864389 0.866427 0.868718 0.871278 0.874128 0.877288 0.880779 0.884623 0.888843 0.893463 0.898507 0.904001 0.909972 0.916447 0.923456 0.931028 0.939194 0.947988 0.957445 0.9676 
0.9744 0.963898 0.954111 0.945001 0.936532 0.92867 0.921384 0.914644 0.908418 0.902679 0.8974 0.892555 0.888119 0.884067 0.880377 0.877026 0.873992 0.871256 0.868797 0.866597 0.864637 0.8629 0.861369 0.860029 0.858863 0.857858 0.856999 0.856274 0.855669 0.855173 0.854774 0.854462 0.854227 0.854058 0.853947 0.853885 0.853864 0.853877 0.853918 0.853978 0.854053 0.854138 0.854226 0.854315 0.854399 0.854477 0.854544 0.854599 0.854639 0.854664 0.854672 0.854664 0.854639 0.854599 0.854544 0.854477 0.854399 0.854315 0.854226 0.854138 0.854053 0.853978 0.853918 0.853877 0.853864 0.853885 0.853947 0.854058 0.854227 0.854462 0.854774 0.855173 0.855669 0.856274 0.856999 0.857858 0.858863 0.860029 0.861369 0.8629 0.864637 0.866597 0.868797 0.871256 0.873992 0.877026 0.880377 0.884067 0.888119 0.892555 0.8974 0.902679 0.908418 0.914644 0.921384 0.92867 0.936532 0.945001 0.954111 0.963898 0.9744 
0.9804 0.969594 0.959517 0.950128 0.941393 0.933276 0.925746 0.918771 0.91232 0.906366 0.90088 0.895836 0.891209 0.886975 0.883109 0.879589 0.876395 0.873503 0.870896 0.868554 0.866457 0.86459 0.862935 0.861475 0.860196 0.859082 0.85812 0.857297 0.856599 0.856015 0.855532 0.855141 0.854831 0.854591 0.854414 0.854291 0.854213 0.854173 0.854163 0.854179 0.854212 0.85426 0.854315 0.854374 0.854433 0.854489 0.854539 0.854579 0.85461 0.854629 0.854635 0.854629 0.85461 0.854579 0.854539 0.854489 0.854433 0.854374 0.854315 0.85426 0.854212 0.854179 0.854163 0.854173 0.854213 0.854291 0.854414 0.854591 0.854831 0.855141 0.855532 0.856015 0.856599 0.857297 0.85812 0.859082 0.860196 0.861475 0.862935 0.86459 0.866457 0.868554 0.870896 0.873503 0.876395 0.879589 0.883109 0.886975 0.891209 0.895836 0.90088 0.906366 0.91232 0.918771 0.925746 0.933276 0.941393 0.950128 0.959517 0.969594 0.9804 
