0.367879 0.527292 0.697676 0.852144 0.960789 1 0.960789 0.852144 0.697676 0.527292 0.367879 
0.527292 0.755784 1 1.2214 1.37713 1.43333 1.37713 1.2214 1 0.755784 0.527292 
0.697676 1 1.32313 1.61607 1.82212 1.89648 1.82212 1.61607 1.32313 1 0.697676 
0.852144 1.2214 1.61607 1.97388 2.22554 2.31637 2.22554 1.97388 1.61607 1.2214 0.852144 
0.960789 1.37713 1.82212 2.22554 2.50929 2.6117 2.50929 2.22554 1.82212 1.37713 0.960789 
1 1.43333 1.89648 2.31637 2.6117 2.71828 2.6117 2.31637 1.89648 1.43333 1 
0 0 0 0 0 2.6117 2.50929 2.22554 1.82212 1.37713 0.960789 
0 0 0 0 0 2.31637 2.22554 1.97388 1.61607 1.2214 0.852144 
0 0 0 0 0 1.89648 1.82212 1.61607 1.32313 1 0.697676 
0 0 0 0 0 1.43333 1.37713 1.2214 1 0.755784 0.527292 
